gridtype = lonlat
xsize    = 98
ysize    = 102
xfirst   = 9.6950749105780005
xinc     = 0.002761561746000000105 
yfirst   = 46.1578847753919987 
yinc     = 0.002761561746000000105