data/prepareddata/hydroDEM.c250.v1.asc
ncols        100
nrows        104
xllcorner    553665.498394083697
yllcorner    5112101.329324090853
cellsize     250.000000000000
NODATA_value -9999
[rows 60 to 79 of 104, columns 45 to 89 of 100]
994.57373046875 908.800048828125 934.43475341796875 1118.327880859375 1273.6685791015625 1286.2315673828125 1270.221435546875 1302.603271484375 1347.1741943359375 1379.9193115234375 1478.78271484375 1614.328125 1747.56103515625 1876.3555908203125 1938.0440673828125 1982.5408935546875 2063.33642578125 2152.6728515625 2207.47119140625 2294.937744140625 2409.600341796875 2520.49560546875 2580.349853515625 2523.681396484375 2402.38134765625 2307.679931640625 2239.4677734375 2203.40234375 2186.119873046875 2172.28515625 2153.906005859375 2160.5234375 2182.269775390625 2223.1513671875 2281.075927734375 2354.748291015625 2437.197021484375 2566.034423828125 2718.930908203125 2838.270751953125 2971.357177734375 2965.13037109375 2853.303466796875 2737.373779296875 2643.662109375
1007.37567138671875 904.81854248046875 899.0836181640625 1064.0340576171875 1303.4766845703125 1414.469482421875 1381.2135009765625 1402.3250732421875 1454.304443359375 1476.7911376953125 1552.5286865234375 1694.714111328125 1829.16064453125 1965.5775146484375 2061.18701171875 2088.255126953125 2130.803466796875 2216.98095703125 2300.53662109375 2449.2587890625 2533.710693359375 2488.150146484375 2433.552001953125 2353.9169921875 2232.15673828125 2151.0322265625 2114.69482421875 2101.2685546875 2103.041748046875 2109.122802734375 2116.9658203125 2147.826904296875 2189.1943359375 2269.79150390625 2415.0810546875 2525.05712890625 2577.37841796875 2654.423828125 2759.664306640625 2884.703125 3026.120849609375 2962.833740234375 2877.62158203125 2860.793212890625 2834.077880859375
1038.670654296875 895.53564453125 863.4915771484375 991.33038330078125 1243.0120849609375 1429.908203125 1487.2191162109375 1546.8419189453125 1595.576171875 1624.023681640625 1674.4222412109375 1791.1954345703125 1914.8543701171875 2015.2557373046875 2146.612060546875 2195.784912109375 2208.836669921875 2283.4033203125 2352.30615234375 2483.552490234375 2459.04248046875 2325.655029296875 2222.154296875 2122.834716796875 2036.77685546875 2041.3909912109375 2050.811279296875 2061.076171875 2082.895263671875 2104.990234375 2114.128173828125 2139.462646484375 2199.467529296875 2290.05078125 2458.434814453125 2588.75439453125 2661.8388671875 2760.09130859375 2824.111083984375 2924.59521484375 3050.008056640625 2950.379150390625 2849.256103515625 2827.385009765625 2870.260009765625
1080.9949951171875 897.19183349609375 842.89581298828125 946.25787353515625 1150.2247314453125 1366.388671875 1510.8719482421875 1591.74755859375 1664.676025390625 1719.6640625 1797.568359375 1905.9393310546875 2007.3502197265625 2095.810791015625 2241.028564453125 2282.99853515625 2298.57080078125 2397.437255859375 2434.173828125 2415.058349609375 2319.149169921875 2173.518798828125 2029.4857177734375 1933.4691162109375 1922.702880859375 2043.8067626953125 2110.4658203125 2123.87060546875 2163.97802734375 2206.290771484375 2192.11181640625 2177.34716796875 2217.57080078125 2284.274169921875 2386.2900390625 2499.660888671875 2577.186767578125 2677.324951171875 2772.209228515625 2915.51025390625 2968.093994140625 2892.00537109375 2799.201171875 2755.307373046875 2746.605224609375
1094.157958984375 907.97882080078125 829.83905029296875 924.9478759765625 1121.0240478515625 1330.0372314453125 1466.6513671875 1548.33447265625 1634.4610595703125 1718.513916015625 1824.852783203125 1944.3304443359375 2053.88232421875 2173.805419921875 2322.587158203125 2390.1044921875 2430.833740234375 2512.232421875 2438.79833984375 2290.165771484375 2142.2568359375 1993.0257568359375 1877.101806640625 1851.425537109375 1932.930419921875 2104.8271484375 2236.8623046875 2263.184814453125 2305.158203125 2366.57763671875 2349.670654296875 2301.900390625 2283.90234375 2278.983154296875 2350.859619140625 2441.7490234375 2519.143798828125 2632.017578125 2773.70947265625 2892.189697265625 2907.537353515625 2807.85205078125 2715.400146484375 2659.6259765625 2637.361572265625
1083.845703125 912.63201904296875 818.36663818359375 888.8294677734375 1090.80322265625 1292.027587890625 1389.99462890625 1471.6168212890625 1564.30078125 1653.78466796875 1744.4400634765625 1858.1588134765625 1987.44140625 2132.804931640625 2299.812255859375 2448.25341796875 2530.833984375 2506.89404296875 2340.399169921875 2155.358154296875 1992.2940673828125 1857.846923828125 1806.597900390625 1873.0989990234375 2000.5693359375 2120.833740234375 2238.853515625 2328.4248046875 2394.59912109375 2471.256103515625 2475.673095703125 2414.118896484375 2342.313720703125 2305.700927734375 2378.333251953125 2495.763916015625 2607.423828125 2717.28662109375 2805.845947265625 2819.252685546875 2803.6845703125 2759.882568359375 2649.725830078125 2553.315185546875 2508.114990234375
1091.948486328125 914.42718505859375 812.46466064453125 836.4459228515625 993.423095703125 1174.43603515625 1268.34375 1352.8035888671875 1450.201416015625 1546.4534912109375 1629.175048828125 1746.040283203125 1873.1580810546875 2028.996337890625 2200.27734375 2353.404541015625 2439.91943359375 2354.726806640625 2220.527099609375 2030.3331298828125 1851.6373291015625 1753.0599365234375 1808.248779296875 1946.94921875 2031.8154296875 2096.268798828125 2183.6357421875 2284.569091796875 2375.696044921875 2475.4033203125 2532.136962890625 2474.395751953125 2380.565673828125 2364.600830078125 2445.215576171875 2558.46240234375 2707.6982421875 2861.96484375 2835.867919921875 2730.72412109375 2682.396484375 2656.247802734375 2580.106201171875 2458.011474609375 2376.25
1108.511474609375 929.48907470703125 807.5611572265625 804.9349365234375 912.06640625 1042.44384765625 1128.1663818359375 1210.57177734375 1300.279296875 1396.47412109375 1498.4044189453125 1619.805419921875 1749.2896728515625 1915.97314453125 2073.4853515625 2240.678955078125 2313.8779296875 2204.786865234375 2089.851806640625 1927.2247314453125 1760.45654296875 1715.3524169921875 1862.900634765625 2033.6527099609375 2131.084716796875 2178.3935546875 2241.843994140625 2302.580078125 2367.314697265625 2469.308349609375 2566.133544921875 2504.58203125 2424.700439453125 2439.781982421875 2528.438232421875 2637.072021484375 2802.99169921875 2928.116455078125 2827.94580078125 2713.420166015625 2625.748779296875 2545.95849609375 2475.925048828125 2396.282958984375 2309.376220703125
1039.4097900390625 925.22613525390625 812.9805908203125 795.11309814453125 866.885009765625 953.08343505859375 1034.0740966796875 1123.1617431640625 1201.59423828125 1302.146728515625 1410.1171875 1552.0858154296875 1702.550048828125 1863.261474609375 2026.680908203125 2206.154541015625 2249.612060546875 2117.00390625 2006.973388671875 1880.7335205078125 1730.7197265625 1711.7723388671875 1909.8096923828125 2107.97021484375 2234.980712890625 2302.545654296875 2336.504638671875 2340.189208984375 2381.391845703125 2494.201171875 2617.31298828125 2552.32177734375 2490.5556640625 2561.175048828125 2679.721923828125 2797.547119140625 2891.631103515625 2922.652587890625 2801.76708984375 2681.949462890625 2577.5 2496.716552734375 2426.5498046875 2369.075927734375 2301.439208984375
982.60711669921875 904.907958984375 819.36370849609375 778.96466064453125 851.2991943359375 994.95367431640625 1118.7869873046875 1211.779052734375 1301.9105224609375 1407.1737060546875 1510.0145263671875 1626.343505859375 1737.84716796875 1881.4515380859375 2035.7171630859375 2199.780029296875 2267.16015625 2128.5673828125 1973.9471435546875 1824.8905029296875 1707.213623046875 1703.61669921875 1862.8612060546875 2031.9560546875 2154.07275390625 2289.802978515625 2389.982666015625 2402.371826171875 2427.802490234375 2533.5830078125 2680.578857421875 2667.436767578125 2612.022705078125 2707.859130859375 2788.220947265625 2832.50732421875 2877.91455078125 2842.832763671875 2803.396728515625 2727.608642578125 2588.1201171875 2478.61572265625 2396.170166015625 2345.142333984375 2320.561767578125
1089.0361328125 983.1533203125 831.96563720703125 757.9261474609375 803.77655029296875 973.5997314453125 1174.14794921875 1321.918212890625 1428.070556640625 1533.4171142578125 1639.417236328125 1745.3485107421875 1862.451171875 1974.77490234375 2106.47021484375 2249.734619140625 2292.947998046875 2161.666259765625 1993.679931640625 1803.7890625 1677.5318603515625 1724.45458984375 1866.7509765625 1977.7763671875 2104.874755859375 2247.372314453125 2350.23583984375 2413.842529296875 2484.041748046875 2602.712646484375 2772.73046875 2783.1845703125 2773.750732421875 2747.032470703125 2711.8583984375 2708.18408203125 2712.057861328125 2695.130615234375 2664.7763671875 2654.502685546875 2628.13525390625 2550.8212890625 2486.259521484375 2443.76953125 2442.73291015625
1223.2310791015625 1039.893310546875 859.695068359375 755.46234130859375 751.91473388671875 889.982421875 1084.494873046875 1271.7752685546875 1395.8594970703125 1533.3916015625 1693.820556640625 1838.667236328125 1970.3807373046875 2110.302001953125 2245.676025390625 2337.305908203125 2250.01318359375 2107.45849609375 1989.4434814453125 1801.541015625 1665.064208984375 1764.7227783203125 1936.84619140625 2068.958740234375 2183.0439453125 2315.17431640625 2422.2890625 2478.3173828125 2509.006591796875 2600.635009765625 2707.904541015625 2692.7548828125 2726.675048828125 2673.5498046875 2582.531494140625 2574.59130859375 2566.319091796875 2572.92333984375 2526.73876953125 2510.556640625 2552.529296875 2567.044677734375 2619.821044921875 2607.672607421875 2574.96630859375
1290.986328125 1108.80322265625 936.18853759765625 777.65570068359375 718.736572265625 812.50128173828125 967.674560546875 1140.2353515625 1268.6832275390625 1406.1925048828125 1588.0435791015625 1778.0230712890625 1981.90966796875 2192.635498046875 2321.771728515625 2296.4970703125 2157.8642578125 2018.7490234375 1866.687744140625 1722.852783203125 1629.689208984375 1756.8699951171875 1956.860595703125 2140.445068359375 2301.726806640625 2472.239990234375 2584.06689453125 2610.567138671875 2595.446044921875 2569.09521484375 2569.37255859375 2536.976318359375 2543.308837890625 2547.42626953125 2497.366943359375 2434.455322265625 2446.961669921875 2512.326904296875 2441.26611328125 2406.3046875 2420.4365234375 2469.41552734375 2580.376708984375 2575.880615234375 2505.69140625
1322.8380126953125 1160.5142822265625 986.703369140625 816.342529296875 714.60284423828125 758.1219482421875 879.26416015625 1010.30609130859375 1150.912353515625 1315.887939453125 1516.95703125 1726.7103271484375 1939.129150390625 2159.061767578125 2255.626708984375 2158.105712890625 2031.57177734375 1929.7607421875 1764.78173828125 1616.13037109375 1576.7840576171875 1736.5380859375 1987.79248046875 2195.439453125 2364.914306640625 2530.789794921875 2641.275146484375 2663.272216796875 2601.418701171875 2501.206298828125 2447.426513671875 2411.374755859375 2401.2412109375 2404.580322265625 2387.786376953125 2365.805908203125 2395.900390625 2451.089111328125 2377.0546875 2341.32275390625 2342.171875 2383.144775390625 2489.105712890625 2496.39697265625 2427.230712890625
1311.9532470703125 1145.8306884765625 989.39715576171875 856.3521728515625 756.83856201171875 721.54620361328125 814.7728271484375 931.50885009765625 1090.9517822265625 1296.5772705078125 1504.16748046875 1702.8896484375 1886.2999267578125 2071.913330078125 2153.652587890625 2045.4169921875 1913.2755126953125 1779.6192626953125 1620.4049072265625 1504.0206298828125 1545.0911865234375 1733.97509765625 1977.01416015625 2211.1103515625 2404.215087890625 2524.97705078125 2557.766845703125 2543.69921875 2503.90625 2438.45068359375 2371.3291015625 2339.58349609375 2332.568115234375 2317.93310546875 2307.6533203125 2326.170654296875 2364.677978515625 2384.682861328125 2344.0771484375 2299.462158203125 2290.469482421875 2329.7529296875 2452.0712890625 2484.801025390625 2391.53271484375
1360.6055908203125 1190.1295166015625 1032.51904296875 914.1878662109375 811.66107177734375 709.2059326171875 749.76812744140625 858.92193603515625 1035.205322265625 1260.8984375 1461.3060302734375 1641.8604736328125 1816.6285400390625 1982.671142578125 2046.2086181640625 1946.1043701171875 1803.448974609375 1641.44384765625 1485.477783203125 1428.224365234375 1560.757080078125 1774.658935546875 1951.3814697265625 2155.5517578125 2341.296630859375 2446.2158203125 2427.471923828125 2426.11865234375 2425.868896484375 2371.64208984375 2312.771484375 2276.1484375 2275.894287109375 2260.31103515625 2277.02392578125 2306.125244140625 2341.95849609375 2336.978759765625 2299.839111328125 2242.202880859375 2236.685546875 2285.877685546875 2408.5224609375 2447.54638671875 2396.285888671875
1439.3529052734375 1278.861572265625 1129.818115234375 1001.5850830078125 865.49432373046875 718.5228271484375 702.71795654296875 788.1507568359375 943.125244140625 1155.78076171875 1351.5841064453125 1530.8800048828125 1701.3358154296875 1871.4810791015625 1919.4599609375 1818.4423828125 1697.4564208984375 1521.064453125 1392.721435546875 1418.884033203125 1611.0780029296875 1844.666015625 2041.3743896484375 2154.90478515625 2284.31201171875 2331.719970703125 2307.01416015625 2334.197998046875 2354.9130859375 2329.4150390625 2280.84130859375 2235.233154296875 2219.73193359375 2213.18408203125 2246.05322265625 2282.067626953125 2324.68212890625 2309.28466796875 2261.194091796875 2202.648681640625 2200.031494140625 2234.106201171875 2336.052734375 2366.96923828125 2402.065673828125
1494.1148681640625 1355.581787109375 1210.1788330078125 1066.4398193359375 922.9344482421875 756.8056640625 673.920654296875 742.460205078125 870.4136962890625 1069.1357421875 1253.44677734375 1427.1527099609375 1592.40869140625 1759.1778564453125 1813.8514404296875 1693.6685791015625 1557.205322265625 1406.0794677734375 1336.5599365234375 1466.8609619140625 1670.692626953125 1878.831787109375 2082.267822265625 2205.906005859375 2241.895751953125 2231.27685546875 2236.99462890625 2267.270751953125 2302.911865234375 2316.526611328125 2269.336181640625 2216.094970703125 2182.90625 2170.33056640625 2190.387939453125 2241.9853515625 2297.95263671875 2286.791015625 2211.1337890625 2152.516357421875 2147.219482421875 2191.274658203125 2276.826171875 2293.207763671875 2306.372314453125
1528.6737060546875 1409.49658203125 1267.6474609375 1135.2607421875 1011.52783203125 859.73309326171875 692.16302490234375 685.51983642578125 828.66094970703125 1060.4976806640625 1219.724609375 1340.807861328125 1486.8787841796875 1640.677001953125 1687.1455078125 1567.4705810546875 1417.57958984375 1302.712646484375 1324.90869140625 1525.1673583984375 1742.6298828125 1916.8944091796875 2075.9443359375 2185.5244140625 2186.51220703125 2170.5634765625 2172.107177734375 2213.68896484375 2261.71533203125 2318.72314453125 2294.142333984375 2213.679931640625 2161.56787109375 2116.5322265625 2124.130859375 2195.499267578125 2227.05712890625 2145.451904296875 2097.209228515625 2071.862060546875 2061.550537109375 2130.5205078125 2225.61474609375 2230.58203125 2204.677001953125
1628.2254638671875 1499.6912841796875 1354.148681640625 1224.3497314453125 1117.314697265625 961.32177734375 770.31317138671875 655.02789306640625 748.4722900390625 956.6141357421875 1087.461669921875 1206.5948486328125 1361.696533203125 1503.8648681640625 1547.3499755859375 1425.10546875 1278.01123046875 1237.96484375 1349.903564453125 1564.897705078125 1799.5390625 1959.951171875 2070.520263671875 2108.733642578125 2112.300537109375 2095.843505859375 2103.042236328125 2155.322998046875 2206.768798828125 2288.486083984375 2292.716552734375 2220.1962890625 2147.362548828125 2079.900390625 2059.9267578125 2131.825927734375 2109.936767578125 1967.2064208984375 1898.6617431640625 1920.8284912109375 1954.9073486328125 2031.7088623046875 2119.456787109375 2161.661376953125 2131.641845703125
