data/prepareddata/hydroDEM.c250.v1.asc
ncols        100
nrows        104
xllcorner    553665.498394083697
yllcorner    5112101.329324090853
cellsize     250.000000000000
NODATA_value -9999
[rows 0 to 19 of 104, columns 45 to 89 of 100]
-9999 -9999 -9999 -9999 -9999 -9999 -9999 -9999 -9999 -9999 -9999 -9999 2962.514892578125 3041.770263671875 3057.053955078125 3057.7138671875 3095.83203125 3192.205810546875 3357.709228515625 3373.070556640625 3177.0380859375 3025.515625 3022.29296875 2951.70068359375 2868.2421875 2841.92529296875 2877.096923828125 2929.71630859375 2980.345703125 3086.96142578125 3113.613037109375 3004.114013671875 2962.18115234375 2944.35107421875 2940.693115234375 2952.71630859375 3004.7880859375 3087.652099609375 3120.99169921875 3168.508056640625 3301.14794921875 3441.005126953125 3381.466064453125 3205.17138671875 3128.012939453125
2270.7666015625 2364.1728515625 2501.47412109375 2682.99365234375 2848.93408203125 2934.510498046875 2869.466796875 2779.908447265625 2755.824951171875 2825.82177734375 2934.964599609375 2968.78466796875 3008.888916015625 3075.325927734375 3113.645751953125 3138.121826171875 3189.486572265625 3279.905029296875 3454.86669921875 3461.2412109375 3272.581298828125 3169.827880859375 3214.303955078125 3130.463623046875 2983.91015625 2930.78515625 2953.591552734375 3013.72900390625 3080.90966796875 3157.738037109375 3174.714111328125 3043.756103515625 3002.256591796875 2969.93603515625 2964.649658203125 2996.96728515625 3068.251220703125 3176.298828125 3217.34814453125 3253.878173828125 3353.089599609375 3466.478515625 3385.042236328125 3240.610107421875 3167.457763671875
2324.771728515625 2422.158203125 2513.330078125 2666.857421875 2887.845703125 3032.22265625 2969.906005859375 2874.44921875 2878.06640625 2982.791748046875 3056.350830078125 3039.921142578125 3064.99267578125 3102.775390625 3168.8232421875 3220.834716796875 3290.578857421875 3374.55029296875 3512.045166015625 3551.61669921875 3420.88720703125 3372.918701171875 3384.8037109375 3225.598388671875 3107.9541015625 3083.8818359375 3100.794189453125 3121.767578125 3175.769775390625 3231.948486328125 3268.693115234375 3142.692626953125 3087.258544921875 3043.81689453125 3039.50537109375 3073.59716796875 3137.712646484375 3244.716552734375 3307.05126953125 3337.66162109375 3362.190673828125 3326.380126953125 3313.60791015625 3300.018310546875 3232.52685546875
2411.584228515625 2502.705322265625 2558.2666015625 2644.77880859375 2818.14697265625 2993.975341796875 3065.2001953125 3013.72412109375 3046.497802734375 3180.503662109375 3186.5673828125 3125.27880859375 3120.338623046875 3141.21142578125 3189.11376953125 3272.1416015625 3347.21044921875 3417.870361328125 3519.919677734375 3587.4140625 3550.17822265625 3508.244873046875 3468.89111328125 3290.044189453125 3201.3671875 3204.2451171875 3247.694580078125 3267.559814453125 3282.9970703125 3315.168701171875 3374.726806640625 3249.26171875 3183.103759765625 3176.40869140625 3226.38623046875 3263.6044921875 3293.323486328125 3352.788330078125 3389.73876953125 3404.377197265625 3300.8974609375 3199.992919921875 3190.601318359375 3202.98828125 3220.909423828125
2547.514404296875 2602.41162109375 2619.375732421875 2672.868408203125 2771.122314453125 2903.708251953125 3062.96142578125 3155.01806640625 3231.669921875 3292.236328125 3248.007080078125 3180.886962890625 3155.652099609375 3166.640869140625 3208.95751953125 3272.684814453125 3347.467041015625 3422.57861328125 3513.7119140625 3602.2431640625 3641.871826171875 3596.109375 3488.13916015625 3342.566162109375 3278.5146484375 3290.217041015625 3353.523193359375 3408.631103515625 3464.896240234375 3470.367431640625 3509.52587890625 3394.43896484375 3352.121826171875 3410.328857421875 3437.906494140625 3514.9755859375 3533.4267578125 3554.322998046875 3542.580078125 3461.747802734375 3273.93359375 3153.802001953125 3103.263916015625 3097.491943359375 3148.615478515625
2649.532958984375 2701.350341796875 2710.538818359375 2740.701416015625 2789.89697265625 2878.89794921875 3030.09765625 3232.086181640625 3401.748046875 3455.21044921875 3364.288818359375 3273.220458984375 3211.436767578125 3209.136474609375 3237.769775390625 3261.609375 3309.43212890625 3377.779052734375 3470.0068359375 3588.3173828125 3675.468994140625 3660.728515625 3518.489501953125 3386.759765625 3355.160400390625 3397.95703125 3440.324951171875 3488.9462890625 3587.42626953125 3629.45458984375 3636.81982421875 3577.149169921875 3566.86865234375 3615.501708984375 3635.089111328125 3735.53271484375 3674.840087890625 3682.0126953125 3644.6103515625 3484.4345703125 3252.12255859375 3114.049560546875 3046.771484375 3044.412109375 3084.76611328125
2740.546142578125 2777.16796875 2803.8125 2812.85009765625 2838.922607421875 2908.86669921875 3031.403564453125 3210.159912109375 3384.241943359375 3570.78369140625 3617.82568359375 3539.943603515625 3371.698486328125 3279.76220703125 3254.887451171875 3236.924072265625 3244.81884765625 3292.77001953125 3382.2900390625 3522.724853515625 3655.948486328125 3656.691650390625 3544.394775390625 3430.058837890625 3433.458251953125 3503.24658203125 3542.129638671875 3613.072265625 3683.547119140625 3719.2666015625 3701.134521484375 3649.427734375 3644.54931640625 3665.3720703125 3680.083251953125 3722.59912109375 3664.54931640625 3654.04296875 3570.466796875 3380.46923828125 3231.200439453125 3106.0390625 2999.112060546875 2971.307861328125 2967.705078125
2823.922607421875 2867.154541015625 2897.2373046875 2896.17919921875 2913.6669921875 2965.056884765625 3037.141357421875 3144.8173828125 3295.544921875 3497.009521484375 3648.730712890625 3704.153076171875 3536.231201171875 3355.712890625 3261.300537109375 3209.171875 3181.4169921875 3207.722900390625 3283.271484375 3404.5107421875 3571.3974609375 3607.050537109375 3549.84228515625 3496.00537109375 3524.31591796875 3597.121826171875 3666.19140625 3752.23876953125 3761.8828125 3711.784912109375 3638.364501953125 3613.029296875 3613.3544921875 3612.218017578125 3601.98486328125 3599.697021484375 3594.654296875 3577.33935546875 3432.265625 3303.900146484375 3220.024658203125 3107.17724609375 2959.09619140625 2890.939697265625 2809.798095703125
2901.5126953125 2980.55029296875 3005.991455078125 2994.408935546875 2995.388427734375 3021.58740234375 3062.30322265625 3120.649658203125 3201.41552734375 3330.39208984375 3530.783203125 3651.302978515625 3554.89697265625 3375.7919921875 3249.53369140625 3175.3271484375 3138.373046875 3157.014892578125 3218.5341796875 3292.9326171875 3429.093017578125 3529.9619140625 3554.8720703125 3579.1259765625 3637.49755859375 3669.30712890625 3738.283935546875 3763.044189453125 3688.156005859375 3613.448974609375 3583.00439453125 3579.90576171875 3574.529541015625 3563.135009765625 3555.24072265625 3543.748291015625 3540.05419921875 3486.348876953125 3353.137451171875 3258.34326171875 3172.31884765625 3087.33251953125 2954.2548828125 2812.244140625 2687.046875
2982.3251953125 3076.689453125 3125.106689453125 3108.981689453125 3100.27294921875 3112.547119140625 3125.54248046875 3151.08984375 3187.861572265625 3239.21630859375 3351.221923828125 3478.15576171875 3439.31689453125 3305.039794921875 3192.49560546875 3134.131591796875 3097.850830078125 3114.96728515625 3160.370361328125 3202.1904296875 3294.232177734375 3392.59423828125 3470.157958984375 3588.359619140625 3735.114013671875 3746.314208984375 3785.1943359375 3733.986328125 3648.91455078125 3583.873046875 3563.119140625 3554.2255859375 3537.455810546875 3525.200439453125 3522.6171875 3512.869873046875 3497.42333984375 3430.544189453125 3327.457763671875 3219.166748046875 3124.720947265625 3044.9345703125 2925.44677734375 2754.43798828125 2628.118408203125
3091.898681640625 3182.697021484375 3233.5234375 3213.550048828125 3204.857666015625 3225.592529296875 3219.948974609375 3201.734375 3206.178466796875 3235.420166015625 3284.6171875 3313.79052734375 3263.401611328125 3182.843017578125 3117.087158203125 3075.005859375 3064.771728515625 3066.656982421875 3091.376708984375 3128.50341796875 3193.676513671875 3255.218017578125 3319.15673828125 3462.569580078125 3694.98046875 3783.046630859375 3771.989013671875 3694.859619140625 3600.74169921875 3568.35595703125 3551.6474609375 3539.538818359375 3524.042236328125 3507.1416015625 3492.619140625 3478.2900390625 3466.978271484375 3404.970458984375 3307.115478515625 3201.0087890625 3102.49072265625 3008.329345703125 2894.34521484375 2735.287353515625 2641.981201171875
3207.443359375 3286.16259765625 3324.165283203125 3307.589111328125 3309.238037109375 3334.679931640625 3329.42529296875 3281.094970703125 3241.580322265625 3241.84033203125 3250.330078125 3212.51416015625 3149.30712890625 3109.84228515625 3071.42578125 3052.302001953125 3050.01611328125 3047.03857421875 3055.017578125 3081.152587890625 3135.82421875 3168.1396484375 3191.3505859375 3311.46923828125 3536.700927734375 3664.03076171875 3655.923583984375 3581.078125 3491.354736328125 3470.57666015625 3495.83154296875 3503.954833984375 3507.17333984375 3494.106201171875 3471.8916015625 3451.405517578125 3435.62548828125 3390.27099609375 3294.568115234375 3198.543212890625 3104.992431640625 3003.92333984375 2887.040771484375 2759.4296875 2699.240234375
3290.48974609375 3318.671875 3329.949951171875 3341.187744140625 3346.884765625 3354.57275390625 3371.909423828125 3367.943115234375 3294.67626953125 3234.03759765625 3196.63671875 3165.062744140625 3117.772216796875 3079.92041015625 3054.56201171875 3038.234375 3033.33740234375 3034.2978515625 3039.005126953125 3060.61669921875 3109.918701171875 3141.556884765625 3165.50048828125 3255.024658203125 3397.32763671875 3485.21435546875 3479.251708984375 3418.928955078125 3338.39453125 3326.279296875 3379.028564453125 3427.1533203125 3467.965087890625 3472.438720703125 3443.51708984375 3420.246826171875 3402.5048828125 3373.53564453125 3305.60986328125 3214.636474609375 3123.353759765625 3023.053955078125 2931.9189453125 2834.644775390625 2800.9267578125
3256.73681640625 3240.703857421875 3221.87109375 3219.897705078125 3236.7001953125 3243.381591796875 3261.74267578125 3279.078857421875 3213.4052734375 3139.3193359375 3097.836181640625 3039.802001953125 3022.384033203125 3021.230712890625 3026.68017578125 3008.18798828125 3005.643310546875 3019.477294921875 3026.114013671875 3049.736572265625 3088.584228515625 3121.115966796875 3169.80078125 3241.63525390625 3289.39111328125 3319.458251953125 3300.7822265625 3252.31689453125 3212.738525390625 3244.294921875 3308.850341796875 3369.015869140625 3425.490234375 3450.641357421875 3416.372802734375 3389.823486328125 3356.825439453125 3309.895263671875 3257.25732421875 3223.2919921875 3160.681396484375 3077.769775390625 3029.725830078125 2981.340087890625 2934.027587890625
3084.530029296875 3036.981689453125 3021.840087890625 3023.45068359375 3011.0703125 2997.987548828125 3023.47607421875 3044.6318359375 3003.514404296875 2944.37646484375 2898.010009765625 2859.721435546875 2856.84765625 2879.143310546875 2912.267333984375 2941.812255859375 2964.611328125 2994.342529296875 3008.7099609375 3021.275634765625 3053.37841796875 3103.91748046875 3195.347412109375 3212.729736328125 3215.372802734375 3213.279541015625 3177.702880859375 3142.85302734375 3152.708984375 3184.629150390625 3226.049560546875 3289.5263671875 3320.3896484375 3372.08447265625 3399.613037109375 3368.849853515625 3310.3798828125 3233.01123046875 3160.910888671875 3136.502197265625 3161.979248046875 3153.364501953125 3142.041015625 3139.654296875 3085.724609375
2968.246337890625 2941.43701171875 2918.309326171875 2896.24609375 2867.059326171875 2833.7353515625 2829.238525390625 2818.859619140625 2788.1953125 2748.568359375 2710.434814453125 2691.821533203125 2698.38232421875 2738.0888671875 2746.7060546875 2794.688720703125 2877.88671875 2941.5380859375 2968.524658203125 2979.98876953125 3016.591552734375 3119.008056640625 3195.51953125 3165.713623046875 3154.5810546875 3149.14697265625 3124.6845703125 3112.732421875 3121.5654296875 3119.857666015625 3103.15380859375 3129.099365234375 3125.136474609375 3158.01171875 3240.1416015625 3272.944091796875 3240.01220703125 3171.251220703125 3097.887451171875 3055.619873046875 3101.085693359375 3209.283447265625 3241.713623046875 3251.42333984375 3219.268310546875
2947.536865234375 2928.81689453125 2904.118896484375 2876.561279296875 2840.546142578125 2806.62158203125 2768.141357421875 2709.963134765625 2661.720947265625 2617.224365234375 2587.068603515625 2571.400146484375 2566.515869140625 2590.796142578125 2586.692138671875 2634.235595703125 2747.151123046875 2827.721923828125 2873.5673828125 2923.493896484375 2986.46240234375 3120.7587890625 3197.336669921875 3155.6884765625 3128.4189453125 3109.462890625 3089.26611328125 3084.90234375 3090.88525390625 3071.1943359375 3046.75830078125 3031.90869140625 2972.58642578125 2959.159912109375 3052.149169921875 3120.15234375 3114.364501953125 3043.999755859375 2994.112060546875 2983.06298828125 3032.69091796875 3185.87548828125 3288.5703125 3311.434814453125 3295.507080078125
2950.90673828125 2926.691162109375 2899.202880859375 2869.0283203125 2830.244140625 2793.473388671875 2756.933837890625 2689.607666015625 2629.602783203125 2584.099609375 2562.798583984375 2539.643798828125 2520.74658203125 2517.800537109375 2495.114501953125 2535.092041015625 2633.348388671875 2685.031982421875 2756.4150390625 2858.846923828125 2959.243408203125 3043.600341796875 3103.314453125 3128.19677734375 3110.014892578125 3080.57177734375 3051.975341796875 3038.174560546875 3026.80712890625 3009.24169921875 2979.47021484375 2921.301025390625 2861.2607421875 2852.228759765625 2921.18603515625 2939.521240234375 2890.323974609375 2833.14990234375 2830.45654296875 2866.740478515625 2925.55908203125 3065.19287109375 3149.063720703125 3197.46875 3252.145751953125
2988.50927734375 2956.264892578125 2922.939208984375 2885.814697265625 2830.28173828125 2776.328369140625 2714.51953125 2638.332763671875 2583.3916015625 2560.751953125 2558.73583984375 2554.517578125 2524.20849609375 2487.42578125 2444.1767578125 2478.837890625 2563.900146484375 2616.45556640625 2711.86376953125 2830.6953125 2962.690673828125 3010.8076171875 3053.476318359375 3087.418212890625 3074.28662109375 3042.270751953125 3008.0712890625 2974.0576171875 2934.817138671875 2907.52001953125 2859.304931640625 2778.89208984375 2754.098876953125 2785.470458984375 2844.25732421875 2791.830810546875 2714.1044921875 2702.31005859375 2721.065673828125 2742.078369140625 2789.3779296875 2892.02880859375 2967.508056640625 3020.088134765625 3061.73486328125
3027.609375 2989.240478515625 2947.23291015625 2897.30419921875 2834.075439453125 2736.8203125 2643.109375 2600.18994140625 2568.9794921875 2532.72021484375 2511.225341796875 2508.325439453125 2470.275634765625 2433.368408203125 2408.872802734375 2439.418212890625 2495.79736328125 2577.593994140625 2730.076171875 2844.632568359375 2915.29296875 2961.016845703125 3021.82666015625 3069.49658203125 3046.701171875 3012.19873046875 2968.046630859375 2909.564208984375 2863.00244140625 2815.2744140625 2709.145751953125 2635.35498046875 2637.33984375 2685.469482421875 2730.740234375 2679.587646484375 2656.052490234375 2672.916015625 2684.580810546875 2687.947998046875 2720.599853515625 2791.687255859375 2836.933349609375 2877.857421875 2939.205322265625
