data/prepareddata/hydroDEM.c500.v2.asc
ncols        48
nrows        49
xllcorner    554165.498400000040
yllcorner    5113101.329300000332
cellsize     500.000000000000
NODATA_value -99999
1830.0 1942 2334 2627 2607 2499 2153 2016 2052 2355 2142 1983 1983 2048 2437 2581 2746 2873 2658 2468 2275 2264 2315 2576 2836 2774 2780 2988 3064 3170 3286 3243 3243 3019 2999 3033 3140 3015 2975 2995 3164 3200 3121 3118 2934 2670 2494 2371 
1872 1898 2270 2628 2719 2525 2287 2033 2048 2373 2274 2124 2050 2050 2326 2581 2770 2936 2735 2582 2391 2382 2556 2614 2830 3092 3189 3138 3150 3241 3283 3474 3374 3217 3216 3306 3312 3254 3318 3397 3452 3164 3015 3010 2813 2470 2170 2061 
1902 1902 2157 2628 2705 2599 2371 2050 2060 2323 2314 2212 2063 2064 2178 2519 2760 3099 2908 2719 2625 2627 2717 2758 2825 3074 3308 3229 3230 3144 3146 3289 3442 3381 3423 3507 3600 3597 3569 3548 3316 3154 2876 2684 2509 2271 2016 1952 
1929 1919 2057 2474 2621 2687 2427 2107 2099 2323 2422 2269 2073 2074 2151 2442 2721 3133 3019 2859 2808 2823 2866 2919 2973 3075 3204 3330 3136 3079 3083 3149 3302 3441 3594 3598 3552 3515 3500 3471 3262 3056 2799 2585 2348 2271 2016 1952 
1950 1935 1987 2313 2614 2719 2394 2120 2120 2373 2535 2372 2199 2104 2132 2410 2690 2842 2947 3128 3005 3002 3088 3159 3165 3165 3209 3108 3051 3040 3038 3053 3138 3200 3510 3396 3389 3469 3453 3416 3236 3040 2819 2597 2352 2332 2221 2129 
1993 1957 1993 2284 2640 2722 2468 2152 2147 2389 2680 2585 2347 2138 2138 2441 2736 2830 2934 3065 3214 3125 3075 3086 3095 3060 2942 2926 2915 2983 3000 3030 3099 3177 3203 3173 3181 3320 3385 3289 3160 3051 2836 2758 2663 2644 2445 2444 
1993 1993 2111 2263 2604 2802 2581 2224 2210 2400 2790 2671 2520 2216 2216 2517 2731 2857 2943 3045 2973 2946 2896 2821 2751 2686 2632 2626 2654 2674 2847 2913 3056 3121 3094 3097 3058 3032 3023 3172 3037 3014 3090 2981 2940 2837 2582 2566 
2044 2147 2270 2274 2361 2697 2708 2447 2310 2413 2792 2828 2599 2318 2318 2561 2828 2995 3014 3034 2968 2935 2883 2802 2700 2575 2546 2510 2441 2446 2619 2782 2985 3079 3022 2974 2909 2803 2803 2697 2700 2763 2861 3062 3161 2890 2559 2400 
2084 2453 2506 2339 2357 2588 2817 2698 2616 2619 2780 2931 2658 2473 2451 2637 2889 2945 3015 3072 2994 2942 2883 2776 2600 2544 2457 2402 2388 2390 2502 2780 2895 3011 2912 2826 2571 2551 2581 2610 2650 2671 2719 2826 2948 2949 2491 2206 
2218 2546 2731 2493 2440 2419 2504 2677 2777 2773 2809 2887 2845 2660 2654 2661 2609 2609 2695 2837 3113 3022 2905 2722 2626 2580 2443 2378 2315 2315 2469 2599 2683 2915 2859 2786 2555 2504 2500 2538 2559 2653 2719 2826 2914 2586 2470 2205 
2281 2599 2821 2707 2440 2300 2279 2446 2698 2853 2885 2928 2993 2561 2437 2396 2372 2402 2517 2695 2819 2759 2749 2761 2733 2608 2384 2315 2265 2298 2506 2587 2663 2843 2890 2746 2596 2395 2269 2269 2475 2633 2793 2837 2806 2530 2392 2317 
2276 2522 2782 2817 2610 2310 2154 2188 2517 2709 2895 2971 2768 2448 2244 2200 2200 2308 2495 2607 2503 2503 2627 2732 2619 2462 2259 2194 2194 2303 2578 2613 2759 2848 2643 2526 2438 2277 2121 2108 2234 2492 2591 2724 2560 2462 2234 2234 
2321 2522 2604 2666 2577 2312 2112 2065 2197 2468 2468 2544 2324 2295 2157 2035 1974 2133 2343 2349 2255 2251 2364 2519 2539 2435 2188 2142 2188 2449 2557 2531 2592 2738 2575 2476 2436 2277 2120 2095 2186 2423 2490 2495 2365 2103 2015 1939 
2366 2512 2593 2540 2369 2289 2131 1976 1995 2271 2294 2331 2165 2054 2026 1877 1898 2012 2051 2042 2043 2044 2218 2394 2617 2613 2192 2084 2216 2603 2411 2417 2541 2704 2575 2480 2344 2086 2076 2087 2215 2466 2500 2482 2342 2086 1927 1852 
2425 2608 2675 2546 2348 2250 2103 1880 1875 2002 2081 2013 1842 1774 1744 1645 1647 1794 1880 1859 1886 1974 2136 2328 2439 2681 2257 2046 2046 2307 2201 2222 2307 2532 2710 2549 2117 2076 2075 2092 2230 2380 2560 2591 2349 2155 1954 1912 
2468 2568 2727 2666 2472 2367 2132 1887 1786 1770 1772 1757 1606 1584 1548 1497 1497 1607 1676 1755 1808 1916 2124 2276 2339 2546 2383 2055 1986 2060 2034 2066 2228 2421 2651 2490 2074 2068 2075 2122 2219 2236 2317 2388 2414 2319 2164 2121 
2508 2568 2723 2772 2604 2432 2189 1935 1773 1667 1620 1604 1596 1584 1548 1497 1463 1463 1477 1511 1687 1748 1875 1940 2206 2364 2467 2181 1924 1866 1889 2016 2171 2344 2215 2101 1966 1992 2097 2337 2265 2265 2300 2316 2412 2557 2410 2198 
2547 2661 2749 2833 2633 2462 2256 1998 1796 1647 1620 1610 1614 1702 1821 1618 1468 1463 1419 1423 1472 1605 1664 1735 1924 2005 2096 2192 1994 1830 1828 1956 2086 1929 1939 1942 1943 1992 2201 2534 2399 2324 2313 2316 2361 2451 2323 2178 
2605 2896 2892 2724 2538 2352 2148 1875 1714 1664 1659 1818 2000 2062 2168 1923 1732 1522 1413 1404 1429 1538 1616 1673 1836 1932 1982 2003 2092 1817 1817 1822 1842 1856 1844 1936 1943 2103 2237 2305 2336 2432 2483 2372 2367 2404 2366 2213 
2681 2966 2807 2653 2512 2341 2053 1798 1742 1775 1777 1828 2092 2264 2290 2172 1910 1744 1516 1380 1380 1486 1620 1724 1845 1932 1932 1988 2005 1816 1715 1589 1598 1563 1705 1878 2042 2113 2169 2247 2282 2341 2468 2487 2391 2326 2284 2196 
2721 2965 2792 2583 2443 2167 1966 1810 1800 1994 1906 1938 2009 2219 2350 2417 2107 1848 1767 1370 1298 1302 1459 1612 1849 1932 1932 2012 2005 1876 1677 1494 1494 1535 1752 1963 2058 2104 2182 2232 2277 2334 2494 2530 2497 2346 2264 2125 
2894 2940 2789 2541 2349 2101 1966 1952 1994 2266 2079 1960 1994 2228 2437 2339 2171 2017 1853 1498 1249 1249 1363 1588 1824 1990 2005 2099 2092 1811 1572 1455 1455 1556 1745 1981 2051 2155 2191 2281 2318 2388 2571 2613 2677 2469 2355 2211 
2764 2775 2831 2570 2349 2129 2098 2188 2320 2277 2156 2021 2046 2300 2482 2363 2340 2210 1915 1592 1233 1170 1258 1479 1710 1659 1762 1880 1773 1479 1358 1361 1455 1668 1745 1826 1957 2168 2238 2275 2324 2537 2745 2762 2736 2588 2492 2277 
2558 2621 2685 2637 2439 2376 2393 2508 2565 2483 2368 2089 2089 2297 2555 2464 2516 2254 1947 1693 1264 1110 1072 1120 1316 1400 1557 1653 1462 1199 1143 1172 1426 1837 1839 1839 2018 2127 2244 2282 2361 2593 2893 2881 2887 2845 2629 2373 
2385 2447 2535 2680 2685 2651 2659 2685 2782 2668 2379 2221 2221 2389 2468 2424 2335 2248 2061 1744 1415 1135 1015 1013 1146 1334 1325 1301 1124 1077 1082 1187 1459 1852 2012 2011 2061 2140 2255 2361 2498 2809 2969 2807 2774 2685 2630 2504 
2199 2303 2348 2594 2732 2838 2836 2848 2961 2746 2565 2358 2371 2600 2397 2288 2132 1925 1907 1585 1380 1199 957 946 962 1013 986 986 998 1025 1089 1460 1567 1814 2009 2091 2128 2182 2278 2503 2720 2758 2809 2682 2611 2492 2442 2331 
1819 2089 2323 2550 2723 2962 3116 3250 3035 2764 2596 2498 2514 2552 2389 2267 2031 1752 1646 1548 1298 1066 934 922 940 953 959 970 991 1025 1191 1590 1730 1913 2009 2144 2293 2349 2421 2499 2507 2620 2755 2535 2467 2332 2161 1988 
1786 2089 2322 2545 2792 2900 2908 3124 3094 2774 2684 2658 2590 2430 2338 2178 1985 1752 1603 1498 1185 985 907 917 1029 992 988 1080 1129 1223 1483 1692 1961 2088 2150 2361 2366 2239 2212 2246 2391 2583 2618 2416 2263 2142 2011 1938 
1881 2142 2355 2545 2734 2739 2801 2943 2762 2758 2903 2651 2440 2300 2053 1914 1805 1734 1612 1396 1150 942 882 907 1081 1085 1220 1404 1547 1617 1806 1858 2114 2254 2314 2211 2158 2158 2196 2229 2366 2580 2609 2418 2266 2168 2106 2085 
2069 2244 2452 2617 2613 2640 2778 2747 2706 2663 2669 2535 2335 2181 2020 1905 1768 1679 1606 1396 1169 932 847 921 1215 1259 1339 1529 1766 1879 2077 2141 2278 2061 2055 2059 2090 2115 2187 2264 2452 2767 2765 2537 2470 2410 2407 2116 
2312 2505 2515 2456 2510 2600 2715 2621 2499 2462 2615 2574 2347 2203 2037 1985 1842 1618 1592 1466 1187 963 814 860 1225 1425 1529 1632 1917 2116 2224 2177 1905 1855 1966 2046 2090 2113 2218 2410 2567 2797 2728 2671 2697 2552 2322 2019 
2444 2406 2282 2265 2354 2617 2493 2449 2399 2460 2477 2463 2370 2341 2239 2039 1814 1618 1562 1535 1324 1005 793 796 1164 1374 1590 1735 2010 2315 2239 1865 1747 1805 1981 2172 2221 2195 2247 2410 2567 2733 2558 2438 2445 2629 2338 2042 
2298 2158 2129 2168 2352 2625 2493 2344 2223 2230 2161 2115 2113 2099 2000 1883 1673 1585 1448 1313 1191 1003 780 780 956 1124 1226 1465 1779 2125 1985 1681 1676 1854 2040 2234 2403 2327 2322 2489 2735 2539 2420 2233 2199 2217 2219 1931 
2008 2013 2103 2167 2412 2712 2568 2344 2191 2095 2076 2048 1987 1938 1864 1749 1579 1409 1324 1213 1073 918 770 744 893 1071 1201 1454 1779 2120 1882 1661 1661 1924 2186 2311 2407 2432 2437 2627 2717 2496 2337 2258 2141 1952 1874 1794 
1968 2001 2112 2283 2550 2523 2459 2381 2230 2130 2102 2064 1993 1939 1897 1845 1612 1439 1332 1213 1099 1019 782 707 786 1180 1415 1630 1833 2129 1859 1609 1659 1898 2171 2342 2502 2596 2501 2500 2458 2458 2379 2355 2228 1935 1729 1567 
1968 2048 2253 2466 2449 2495 2364 2208 2209 2281 2273 2180 2121 2070 2051 2061 1904 1745 1625 1494 1403 1163 799 689 689 872 1183 1612 2027 1911 1616 1516 1610 2063 2328 2526 2385 2368 2310 2322 2335 2302 2322 2384 2246 2008 1778 1465 
2032 2074 2110 2255 2337 2448 2384 2163 2129 2292 2405 2337 2269 2226 2226 2126 1978 1838 1704 1704 1555 1223 894 691 665 767 1114 1531 1888 1706 1388 1385 1610 2058 2323 2341 2256 2238 2228 2277 2241 2207 2225 2329 2094 1781 1647 1316 
1998 2047 2106 2263 2348 2494 2469 2127 2008 2039 2405 2213 2150 2206 2250 2126 2003 1903 1901 1873 1643 1327 1020 794 645 661 955 1337 1626 1402 1282 1345 1714 2070 2192 2213 2231 2170 2138 2191 2162 2105 2126 2220 1946 1650 1433 1194 
1880 2073 2240 2193 2193 2298 2307 2071 1873 1879 2128 2133 2051 2051 2151 2264 2104 2054 2093 1925 1693 1440 1144 892 635 613 808 1096 1380 1177 1177 1384 1818 2063 2056 2105 2197 2098 2004 1941 1690 1765 1909 2051 1772 1519 1215 1107 
1690 1755 1910 1882 1938 2146 2055 2071 1796 1796 1979 2089 1842 1842 1958 1954 2060 2204 2126 1913 1683 1432 1295 1129 749 580 610 926 1117 1012 1155 1436 1795 1791 1810 1971 1864 1838 1833 1736 1454 1487 1649 1854 1595 1283 1034 1009 
1458 1521 1564 1600 1927 1828 1670 1694 1722 1601 1719 1874 1740 1601 1654 1725 1882 2069 1934 1649 1394 1167 1019 829 675 537 515 766 914 948 1184 1595 1568 1575 1740 1665 1554 1535 1595 1403 1231 1175 1328 1643 1446 1170 938 938 
1121 1166 1252 1519 1671 1494 1385 1409 1590 1378 1481 1532 1670 1403 1403 1549 1811 2022 1911 1640 1394 1167 1019 829 675 479 479 648 843 957 1321 1419 1369 1376 1558 1352 1243 1292 1502 1340 1052 1041 1313 1404 1216 953 848 935 
899 1052 1157 1197 1391 1360 1176 1207 1433 1232 1186 1318 1479 1182 1189 1475 1576 1755 1924 1870 1720 1532 1345 1099 664 444 446 648 843 1160 1396 1165 1140 1297 1383 1182 1083 1277 1422 1156 925 935 1278 1074 1027 772 761 970 
730 841 986 1167 1391 1347 986 986 1315 1217 1045 1214 1314 1006 1008 1236 1359 1566 1632 1595 1542 1441 1316 1037 613 430 434 704 1178 1216 1107 999 999 1107 1171 939 917 1169 1206 955 808 924 1111 1055 825 690 690 1030 
533 772 1037 1164 1222 1189 863 851 1034 1073 907 1042 1118 844 799 906 1205 1286 1272 1272 1291 1248 1161 928 561 421 421 642 889 889 841 797 825 890 926 806 806 929 959 899 714 734 928 855 803 613 690 960 
429 595 708 853 1005 878 757 700 891 938 728 777 938 802 696 815 1003 1005 1006 1021 1084 1014 851 703 475 375 418 542 587 591 590 612 655 690 701 650 654 654 674 637 621 610 604 564 548 527 585 707 
342 388 440 537 605 597 612 555 685 755 612 657 649 649 562 637 653 684 742 815 854 772 598 467 395 319 337 372 377 406 442 470 493 463 488 502 490 487 479 477 518 527 486 452 457 428 496 538 
257 255 259 354 428 440 440 469 475 468 469 437 435 419 422 429 448 515 635 730 750 666 532 409 316 299 292 279 277 283 281 284 279 280 280 300 311 353 398 420 471 475 448 398 371 365 379 459 
253 253 253 254 264 331 354 360 362 363 384 362 346 336 321 306 305 332 397 526 518 447 277 274 279 286 283 277 275 275 276 277 279 279 279 283 284 299 335 378 409 416 395 371 350 347 343 344 
