data/prepareddata/hydroDEM.c250.v1.asc
ncols        100
nrows        104
xllcorner    553665.498394083697
yllcorner    5112101.329324090853
cellsize     250.000000000000
NODATA_value -9999
[rows 0 to 19 of 104, columns 0 to 44 of 100]
-9999.0 -9999 -9999 -9999 -9999 -9999 -9999 -9999 -9999 -9999 -9999 -9999 -9999 -9999 -9999 -9999 -9999 -9999 -9999 -9999 -9999 -9999 -9999 -9999 -9999 -9999 -9999 -9999 -9999 -9999 -9999 -9999 -9999 -9999 -9999 -9999 -9999 -9999 -9999 -9999 -9999 -9999 -9999 -9999 -9999
1799.9217529296875 1809.4354248046875 1862.2257080078125 1947.6796875 2112.333984375 2336.843994140625 2518.966796875 2628.264892578125 2689.924072265625 2629.223388671875 2598.412109375 2665.530517578125 2655.926513671875 2533.646484375 2405.78662109375 2232.636474609375 2068.9228515625 2045.0357666015625 2213.853759765625 2399.04638671875 2428.30859375 2356.550048828125 2256.499755859375 2156.5546875 2069.590576171875 1995.40966796875 2006.688720703125 2114.591064453125 2268.7529296875 2416.794189453125 2558.4814453125 2635.75634765625 2641.410400390625 2696.6953125 2824.160400390625 2963.890380859375 3021.4267578125 2916.7470703125 2835.9453125 2748.456787109375 2632.679931640625 2515.4658203125 2414.420654296875 2321.104248046875 2258.9306640625
1845.802001953125 1846.6748046875 1864.6702880859375 1919.216064453125 2071.035400390625 2286.552734375 2457.39404296875 2603.253173828125 2740.407470703125 2736.176513671875 2679.461181640625 2739.330322265625 2704.87109375 2567.7001953125 2451.060302734375 2288.62060546875 2103.088134765625 2042.545654296875 2170.83203125 2374.277587890625 2462.6767578125 2414.92578125 2313.52294921875 2214.817138671875 2116.9453125 2030.55224609375 2011.1226806640625 2055.526611328125 2191.378173828125 2354.232421875 2511.317626953125 2617.43359375 2643.11376953125 2704.17724609375 2834.269287109375 2988.70849609375 3041.993896484375 2934.069091796875 2848.18115234375 2734.00439453125 2622.3310546875 2519.228271484375 2433.642578125 2354.5947265625 2296.7939453125
1926.06884765625 1909.38330078125 1889.8218994140625 1912.7886962890625 2034.8448486328125 2230.561279296875 2441.873779296875 2645.2822265625 2822.9384765625 2890.38525390625 2811.892333984375 2802.156005859375 2685.9208984375 2560.461669921875 2463.25390625 2328.725341796875 2145.734375 2045.365966796875 2134.041259765625 2342.422607421875 2491.573974609375 2462.28369140625 2372.130615234375 2285.277587890625 2187.452880859375 2104.71337890625 2072.5 2059.095703125 2136.158203125 2330.03173828125 2504.906982421875 2579.342041015625 2628.586181640625 2740.47509765625 2871.13818359375 3015.610595703125 3083.46484375 2981.698974609375 2872.732421875 2755.835205078125 2654.5869140625 2576.30419921875 2497.299072265625 2407.079345703125 2347.728271484375
2001.160888671875 1948.8724365234375 1910.993408203125 1904.8621826171875 2015.0972900390625 2234.30419921875 2466.63671875 2648.359619140625 2832.68212890625 2985.987548828125 2911.025146484375 2797.609619140625 2680.32470703125 2595.355712890625 2509.889892578125 2400.015380859375 2199.518310546875 2058.6591796875 2107.04541015625 2307.00390625 2481.041259765625 2495.296630859375 2413.398193359375 2326.117919921875 2241.799072265625 2175.5 2121.03466796875 2076.5322265625 2110.27490234375 2294.765869140625 2505.82861328125 2591.4609375 2631.46826171875 2748.374267578125 2913.8828125 3045.58935546875 3112.249755859375 3027.009521484375 2929.661865234375 2816.424560546875 2714.3330078125 2640.4375 2569.052978515625 2454.790771484375 2439.1640625
1987.4945068359375 1924.2708740234375 1908.942138671875 1908.9093017578125 1985.7938232421875 2198.546875 2411.537109375 2574.71533203125 2744.353515625 2905.658935546875 2906.9833984375 2857.154541015625 2788.064697265625 2658.918701171875 2565.093505859375 2443.656982421875 2253.539794921875 2083.87841796875 2099.625732421875 2288.19970703125 2487.50537109375 2531.0185546875 2433.309814453125 2333.83154296875 2276.821044921875 2228.216552734375 2154.08740234375 2085.316650390625 2101.331298828125 2268.159423828125 2478.7001953125 2609.7431640625 2672.638671875 2736.04296875 2899.221923828125 3040.44384765625 3133.6943359375 3087.47021484375 3002.629638671875 2897.08056640625 2804.1640625 2717.37548828125 2639.393310546875 2563.158935546875 2573.22607421875
1996.4180908203125 1922.138427734375 1908.318115234375 1913.2000732421875 1954.5394287109375 2116.543212890625 2342.384521484375 2542.152099609375 2699.34912109375 2790.31494140625 2836.405517578125 2877.833984375 2798.209228515625 2653.966552734375 2584.416748046875 2488.410888671875 2316.71826171875 2118.403564453125 2123.367431640625 2271.04931640625 2464.04345703125 2554.629150390625 2457.709716796875 2372.1015625 2325.769775390625 2277.253662109375 2185.777587890625 2091.978759765625 2089.380615234375 2219.134033203125 2410.516357421875 2563.439208984375 2684.15673828125 2740.0302734375 2873.454345703125 3060.522705078125 3172.7626953125 3156.360107421875 3105.074462890625 2988.634765625 2867.975341796875 2785.68505859375 2728.834228515625 2692.109619140625 2701.016845703125
2054.85986328125 1961.8927001953125 1924.2012939453125 1927.4935302734375 1940.9320068359375 2068.906982421875 2325.62158203125 2557.183837890625 2665.95068359375 2695.21875 2760.292236328125 2818.7783203125 2762.1064453125 2684.4091796875 2619.406982421875 2524.021728515625 2339.676025390625 2145.823974609375 2143.40380859375 2266.30224609375 2447.6142578125 2600.000732421875 2516.329833984375 2424.785400390625 2359.599365234375 2300.654541015625 2200.73291015625 2093.189697265625 2077.2646484375 2154.415771484375 2316.82080078125 2478.712890625 2618.580322265625 2748.4033203125 2902.87841796875 3103.9072265625 3231.4033203125 3243.11279296875 3165.781982421875 3041.61328125 2938.290283203125 2861.22314453125 2804.463134765625 2787.506103515625 2804.145263671875
2145.601318359375 2042.5244140625 1968.661865234375 1945.4964599609375 1936.822509765625 2041.742431640625 2297.0458984375 2505.322021484375 2610.667236328125 2677.413818359375 2750.987060546875 2810.204345703125 2806.18701171875 2724.788818359375 2655.133056640625 2547.517822265625 2343.245361328125 2153.482177734375 2130.641845703125 2250.49267578125 2462.45556640625 2639.866455078125 2593.985595703125 2506.443359375 2420.128662109375 2340.50927734375 2236.744873046875 2122.882568359375 2085.7236328125 2123.630859375 2257.66748046875 2423.075439453125 2571.111328125 2737.9853515625 2930.9873046875 3119.264892578125 3251.86328125 3227.270263671875 3140.740478515625 3057.73974609375 3011.850830078125 2945.130859375 2884.389892578125 2887.93310546875 2891.058349609375
2271.6875 2170.12109375 2038.6802978515625 1965.4932861328125 1936.004150390625 2002.235595703125 2230.388671875 2436.85205078125 2552.666748046875 2627.493408203125 2726.392822265625 2816.221435546875 2844.26806640625 2763.1083984375 2687.887939453125 2553.200439453125 2335.95361328125 2151.937255859375 2140.946533203125 2265.552978515625 2474.859375 2661.16015625 2647.326171875 2562.228271484375 2471.555419921875 2388.9765625 2307.2021484375 2206.985107421875 2122.727294921875 2124.4228515625 2220.917236328125 2370.9111328125 2537.50732421875 2693.522705078125 2904.921142578125 3119.99462890625 3213.949462890625 3158.89208984375 3123.0673828125 3097.142822265625 3084.906005859375 3051.860595703125 3015.734130859375 2976.347412109375 2958.870361328125
2365.02880859375 2245.384765625 2110.56494140625 2017.3839111328125 1956.6268310546875 1967.815185546875 2128.59375 2337.67431640625 2470.937744140625 2567.923583984375 2713.462158203125 2855.27001953125 2902.907470703125 2812.817626953125 2685.918701171875 2536.480224609375 2322.352783203125 2155.862060546875 2161.321533203125 2309.057373046875 2512.390625 2689.175048828125 2708.579833984375 2620.5771484375 2528.821044921875 2454.940185546875 2391.305908203125 2295.58935546875 2173.5634765625 2128.530029296875 2199.062255859375 2331.743896484375 2518.96728515625 2646.15380859375 2800.77880859375 2974.882568359375 3067.630615234375 3106.655029296875 3151.888671875 3196.714111328125 3215.2080078125 3173.440673828125 3124.70166015625 3064.8740234375 3051.29736328125
2426.80615234375 2326.627685546875 2197.136962890625 2088.085693359375 1999.7921142578125 1966.132568359375 2052.584228515625 2237.905517578125 2421.15673828125 2577.113037109375 2734.568603515625 2856.407958984375 2915.055908203125 2820.364990234375 2661.408447265625 2516.90576171875 2310.44384765625 2168.064697265625 2178.255615234375 2332.937255859375 2544.959716796875 2738.6103515625 2793.052490234375 2695.38037109375 2606.258544921875 2545.441650390625 2463.026123046875 2361.792724609375 2226.5302734375 2142.095947265625 2179.536376953125 2323.698486328125 2525.3798828125 2657.66357421875 2752.84326171875 2840.00048828125 2924.2705078125 2996.364013671875 3071.540283203125 3236.62841796875 3321.499755859375 3259.4296875 3206.958251953125 3172.497802734375 3172.494140625
2512.35791015625 2396.98193359375 2262.94140625 2119.803466796875 2008.76904296875 1977.6146240234375 2046.39111328125 2225.656982421875 2438.4248046875 2585.741943359375 2701.94189453125 2792.371826171875 2883.2998046875 2814.587890625 2698.3349609375 2548.178466796875 2336.75390625 2200.38427734375 2197.9765625 2334.46044921875 2558.16015625 2752.519775390625 2854.552734375 2772.808837890625 2685.4169921875 2635.76806640625 2549.90283203125 2432.999267578125 2303.775634765625 2179.432861328125 2192.89013671875 2361.04833984375 2543.654541015625 2672.694580078125 2769.033935546875 2817.092529296875 2864.229248046875 2921.009521484375 2977.521484375 3105.367919921875 3315.1025390625 3314.40576171875 3277.728759765625 3290.001220703125 3301.62255859375
2543.890625 2419.482177734375 2260.5390625 2078.427978515625 2002.096923828125 2019.3626708984375 2079.136474609375 2227.8896484375 2406.557861328125 2568.541748046875 2706.761962890625 2793.455078125 2906.09716796875 2874.687744140625 2743.848388671875 2576.818603515625 2406.953125 2245.95556640625 2213.809814453125 2333.137939453125 2551.958740234375 2715.355712890625 2877.111328125 2854.62060546875 2745.010986328125 2680.43115234375 2609.72265625 2515.8388671875 2395.193115234375 2237.481689453125 2227.823486328125 2391.8125 2571.653564453125 2681.72119140625 2779.110107421875 2834.52783203125 2873.87109375 2919.642333984375 2979.83544921875 3040.0927734375 3194.5458984375 3289.756591796875 3299.015625 3299.86669921875 3292.142578125
2484.406005859375 2348.583251953125 2183.42236328125 2050.496826171875 2079.7763671875 2146.392578125 2169.962158203125 2221.156005859375 2372.85107421875 2590.51025390625 2707.78955078125 2824.7265625 2968.761962890625 2952.06005859375 2811.37451171875 2675.439208984375 2521.7177734375 2342.638427734375 2250.496337890625 2335.7041015625 2532.299072265625 2712.229736328125 2872.124267578125 2884.91064453125 2780.322998046875 2716.258056640625 2664.5673828125 2579.7958984375 2456.919677734375 2295.801513671875 2286.27734375 2433.7998046875 2595.99951171875 2694.494873046875 2794.72119140625 2872.65576171875 2912.4677734375 2947.21484375 3002.18701171875 3052.809326171875 3109.74951171875 3170.548095703125 3179.538818359375 3163.7705078125 3126.19873046875
2419.513427734375 2263.0703125 2104.8984375 2062.782470703125 2169.790771484375 2296.98583984375 2305.350341796875 2262.7138671875 2389.14794921875 2581.9501953125 2674.315673828125 2767.025146484375 2921.51904296875 2969.107666015625 2889.813720703125 2764.392578125 2607.730712890625 2463.0107421875 2327.8232421875 2339.505126953125 2514.888916015625 2726.388916015625 2873.82177734375 2933.80078125 2862.577880859375 2808.4970703125 2728.956787109375 2619.820068359375 2491.7900390625 2339.604248046875 2342.2158203125 2476.237548828125 2626.38037109375 2734.6064453125 2839.39404296875 2930.868896484375 2968.140869140625 2987.550048828125 3030.51318359375 3079.430419921875 3096.494873046875 3093.52392578125 3056.52197265625 3014.2509765625 2992.359130859375
2314.746826171875 2157.762451171875 2071.80517578125 2131.950927734375 2276.444091796875 2369.809326171875 2391.21923828125 2348.87158203125 2346.79345703125 2463.575927734375 2570.322998046875 2668.6181640625 2837.795166015625 2986.179931640625 2916.382080078125 2797.61865234375 2697.58740234375 2577.826416015625 2446.000732421875 2411.479248046875 2558.26611328125 2746.323486328125 2886.8720703125 2958.05859375 2953.433837890625 2915.085205078125 2800.744140625 2667.37353515625 2514.378662109375 2381.758544921875 2376.30810546875 2493.29443359375 2631.1748046875 2767.702880859375 2886.333984375 2986.66064453125 3026.695068359375 3026.585693359375 3075.76171875 3144.791015625 3138.831787109375 3076.64208984375 3017.332763671875 2984.68896484375 2963.232666015625
2223.585205078125 2108.40869140625 2105.841796875 2256.88671875 2439.7783203125 2508.853515625 2520.43310546875 2479.184326171875 2394.260498046875 2366.317626953125 2448.71826171875 2613.139892578125 2758.204345703125 2936.2529296875 2937.489990234375 2838.666259765625 2755.82666015625 2664.56982421875 2585.43603515625 2554.53369140625 2619.778564453125 2737.9306640625 2876.092529296875 2997.73095703125 3022.728759765625 2978.697509765625 2854.458740234375 2717.10107421875 2557.921142578125 2454.343017578125 2429.290283203125 2530.48974609375 2651.91943359375 2782.849853515625 2914.442138671875 3022.79296875 3101.3837890625 3122.5439453125 3226.471435546875 3253.050537109375 3214.865478515625 3120.597412109375 3030.07275390625 2994.424560546875 2975.951416015625
2177.26416015625 2111.9033203125 2177.615966796875 2362.4619140625 2549.8125 2637.10498046875 2659.03271484375 2650.241943359375 2552.81494140625 2415.30517578125 2421.90185546875 2600.47412109375 2735.53662109375 2877.738525390625 2974.38427734375 2898.608154296875 2819.681884765625 2759.954833984375 2703.502197265625 2660.188232421875 2690.96630859375 2756.072998046875 2826.735595703125 2947.40625 3058.16552734375 3038.809814453125 2924.385986328125 2780.262451171875 2626.981689453125 2545.132568359375 2519.912841796875 2598.25341796875 2698.2529296875 2806.83642578125 2931.699462890625 3025.46142578125 3134.56494140625 3203.830810546875 3236.175048828125 3237.813720703125 3262.45361328125 3184.47314453125 3089.465087890625 3039.64404296875 3017.97265625
2162.63232421875 2131.45751953125 2241.82421875 2428.03955078125 2606.10791015625 2733.23779296875 2788.73779296875 2780.001708984375 2646.193359375 2509.295654296875 2480.664794921875 2583.57373046875 2688.045166015625 2812.026123046875 2937.655029296875 2947.767333984375 2891.594970703125 2845.81884765625 2791.67138671875 2752.826904296875 2759.987548828125 2787.763427734375 2808.863525390625 2874.56298828125 3015.37841796875 3105.582275390625 3026.918212890625 2880.795166015625 2736.96630859375 2653.775390625 2625.4208984375 2680.531982421875 2761.267578125 2862.821533203125 2963.11767578125 2992.184814453125 3073.3671875 3139.4716796875 3121.0146484375 3148.024658203125 3262.879638671875 3205.336669921875 3144.2587890625 3099.315673828125 3063.689208984375
