data/prepareddata/hydroDEM.c250.v1.asc
ncols        100
nrows        104
xllcorner    553665.498394083697
yllcorner    5112101.329324090853
cellsize     250.000000000000
NODATA_value -9999
[rows 80 to 99 of 104, columns 45 to 89 of 100]
1704.34326171875 1585.1241455078125 1441.0303955078125 1327.5595703125 1202.9337158203125 1029.970458984375 850.47003173828125 682.90350341796875 667.96856689453125 831.62109375 975.02764892578125 1117.140625 1245.66064453125 1382.6942138671875 1414.0289306640625 1270.295654296875 1163.6458740234375 1234.3118896484375 1379.715087890625 1574.27099609375 1777.2191162109375 1951.5404052734375 2015.9571533203125 1998.2354736328125 1999.5245361328125 1983.9490966796875 2020.9764404296875 2101.204833984375 2164.748779296875 2182.476318359375 2147.128662109375 2125.914306640625 2104.677978515625 2031.2066650390625 1986.3929443359375 2033.2744140625 1963.374755859375 1809.7880859375 1698.6168212890625 1742.2301025390625 1813.810302734375 1889.394287109375 1983.6053466796875 2079.416259765625 2070.92724609375
1602.668701171875 1488.825927734375 1387.041748046875 1306.7235107421875 1204.119384765625 1074.3526611328125 886.15850830078125 703.69427490234375 623.99737548828125 728.4302978515625 884.520263671875 1006.76287841796875 1122.094482421875 1279.267822265625 1260.697021484375 1111.905517578125 1105.50244140625 1258.801025390625 1427.6527099609375 1644.532958984375 1808.0711669921875 1911.8004150390625 1901.1383056640625 1874.193603515625 1879.31201171875 1890.8060302734375 1970.239990234375 2071.76025390625 2095.9873046875 2029.76953125 1973.8148193359375 1944.3355712890625 1961.0196533203125 1926.9581298828125 1895.9886474609375 1929.7100830078125 1843.7396240234375 1681.8621826171875 1555.6966552734375 1582.8690185546875 1649.70751953125 1751.4931640625 1838.7130126953125 1959.4217529296875 1979.4979248046875
1426.584228515625 1307.1544189453125 1235.0584716796875 1166.56591796875 1071.4541015625 991.14422607421875 857.85565185546875 710.26397705078125 610.91094970703125 632.101318359375 762.400390625 883.87762451171875 1040.2861328125 1179.3382568359375 1098.6318359375 1019.63714599609375 1103.228271484375 1298.998291015625 1490.425048828125 1683.4696044921875 1814.1627197265625 1805.4862060546875 1759.27490234375 1751.38134765625 1772.60888671875 1832.6064453125 1934.1719970703125 1991.6568603515625 1950.4827880859375 1863.6304931640625 1795.8338623046875 1769.898193359375 1786.3470458984375 1788.786865234375 1818.8359375 1817.7059326171875 1707.4010009765625 1591.785888671875 1439.2708740234375 1403.7733154296875 1491.4912109375 1589.885498046875 1689.96435546875 1823.265869140625 1868.353271484375
1292.3360595703125 1176.7510986328125 1094.4249267578125 1021.58111572265625 928.04022216796875 846.9111328125 764.1083984375 687.10894775390625 622.14410400390625 562.6829833984375 658.31134033203125 846.8572998046875 1041.4161376953125 1083.6707763671875 978.41180419921875 1005.0615234375 1160.319091796875 1365.0771484375 1553.4388427734375 1696.1033935546875 1718.55615234375 1665.0096435546875 1632.333984375 1650.800537109375 1709.3253173828125 1808.7841796875 1885.559814453125 1864.1712646484375 1790.6263427734375 1702.32470703125 1634.3428955078125 1604.706787109375 1623.478271484375 1692.235595703125 1789.66455078125 1719.0289306640625 1570.0435791015625 1474.8497314453125 1355.041259765625 1268.471923828125 1355.8714599609375 1449.8946533203125 1578.080322265625 1721.273193359375 1748.7489013671875
1300.33837890625 1211.714111328125 1119.88916015625 1013.50616455078125 911.2376708984375 836.0767822265625 754.63470458984375 654.33685302734375 589.60089111328125 537.394775390625 614.48138427734375 827.9716796875 995.8848876953125 961.5291748046875 948.05828857421875 1078.0379638671875 1270.08984375 1437.406982421875 1598.869873046875 1674.228515625 1604.8660888671875 1540.4146728515625 1518.4384765625 1561.3155517578125 1655.7698974609375 1777.2120361328125 1801.64013671875 1712.75537109375 1649.9161376953125 1549.979736328125 1470.0885009765625 1466.307861328125 1580.160400390625 1728.3411865234375 1753.4161376953125 1639.270263671875 1491.57421875 1345.0379638671875 1235.1351318359375 1176.7724609375 1275.966064453125 1425.9931640625 1573.2645263671875 1636.74609375 1643.528076171875
1458.1248779296875 1378.3060302734375 1289.633544921875 1204.4017333984375 1108.99658203125 993.6671142578125 831.4288330078125 652.81951904296875 545.95538330078125 510.883697509765625 597.38507080078125 772.8426513671875 882.3193359375 898.44671630859375 1018.7950439453125 1207.3128662109375 1391.514892578125 1538.52392578125 1641.5059814453125 1611.77978515625 1495.4044189453125 1425.37890625 1412.9256591796875 1473.896240234375 1586.75 1710.3155517578125 1699.2969970703125 1574.765380859375 1489.2349853515625 1413.0318603515625 1333.5626220703125 1424.3448486328125 1606.881591796875 1714.9012451171875 1644.400390625 1515.70068359375 1431.8634033203125 1302.6390380859375 1143.739013671875 1100.9847412109375 1232.6588134765625 1425.4178466796875 1552.799560546875 1493.5836181640625 1500.702392578125
1627.656494140625 1531.6688232421875 1447.829833984375 1346.8350830078125 1197.0418701171875 1021.63983154296875 827.991943359375 622.9039306640625 499.786590576171875 492.123382568359375 598.8712158203125 746.2618408203125 838.0855712890625 955.86053466796875 1135.4903564453125 1318.050537109375 1483.0328369140625 1603.649658203125 1629.223388671875 1520.4854736328125 1389.472900390625 1309.2237548828125 1321.5657958984375 1416.807373046875 1540.342529296875 1644.48583984375 1605.2310791015625 1475.0709228515625 1362.1470947265625 1269.0020751953125 1247.8331298828125 1386.3441162109375 1546.9512939453125 1632.6102294921875 1562.9385986328125 1419.3419189453125 1305.6871337890625 1213.1485595703125 1067.1693115234375 1040.130126953125 1198.405029296875 1414.8121337890625 1482.45654296875 1365.0452880859375 1323.285400390625
1708.445068359375 1604.070068359375 1508.157470703125 1370.93359375 1194.890869140625 1009.64544677734375 799.72027587890625 605.0115966796875 479.970062255859375 481.70269775390625 611.83648681640625 813.1982421875 975.8902587890625 1111.3172607421875 1236.6802978515625 1370.2586669921875 1512.6739501953125 1575.735595703125 1527.793701171875 1415.8115234375 1286.9439697265625 1209.9185791015625 1268.6412353515625 1379.7777099609375 1496.675048828125 1563.700927734375 1512.55517578125 1389.5069580078125 1276.01806640625 1159.4007568359375 1200.925537109375 1355.051025390625 1492.9332275390625 1551.31689453125 1498.63525390625 1383.864013671875 1237.421142578125 1091.2259521484375 972.90618896484375 1018.57867431640625 1202.407958984375 1380.485107421875 1388.93115234375 1271.2698974609375 1175.4853515625
1645.2796630859375 1562.2843017578125 1464.8780517578125 1328.68505859375 1165.7196044921875 982.20416259765625 764.46575927734375 588.24420166015625 467.948089599609375 481.252777099609375 622.5323486328125 871.07391357421875 1090.0858154296875 1225.3028564453125 1297.0804443359375 1382.2215576171875 1451.76171875 1430.9400634765625 1362.94189453125 1270.45556640625 1173.821044921875 1132.5289306640625 1211.6932373046875 1318.4639892578125 1396.1453857421875 1420.5711669921875 1369.9439697265625 1260.794677734375 1152.7236328125 1072.3773193359375 1196.4349365234375 1366.08447265625 1468.4012451171875 1472.2135009765625 1416.1356201171875 1327.0364990234375 1178.22998046875 995.101318359375 915.15576171875 1033.3428955078125 1216.9071044921875 1305.03662109375 1286.8392333984375 1218.5 1111.4163818359375
1534.215087890625 1472.749267578125 1398.2750244140625 1295.753173828125 1157.6036376953125 970.19476318359375 748.66229248046875 572.35052490234375 460.101776123046875 483.6021728515625 624.8441162109375 867.2242431640625 1100.5562744140625 1226.341064453125 1296.0711669921875 1324.5704345703125 1308.2093505859375 1259.7620849609375 1198.5684814453125 1122.040771484375 1056.3040771484375 1049.249267578125 1114.0147705078125 1194.6656494140625 1250.2410888671875 1263.9434814453125 1230.21533203125 1144.7164306640625 1032.775390625 1020.090087890625 1176.9666748046875 1313.9014892578125 1386.2603759765625 1371.6619873046875 1315.434326171875 1234.31982421875 1089.30859375 904.75738525390625 883.5985107421875 1047.9329833984375 1160.6793212890625 1200.345458984375 1229.3055419921875 1198.960693359375 1128.509765625
1428.436767578125 1379.54736328125 1330.642578125 1243.19384765625 1113.528076171875 931.0670166015625 720.68853759765625 554.36175537109375 469.055999755859375 474.377044677734375 610.34686279296875 821.6358642578125 1040.9422607421875 1181.5728759765625 1211.100341796875 1195.187255859375 1171.38232421875 1124.9111328125 1071.9976806640625 1008.29595947265625 950.75946044921875 970.66729736328125 1017.78271484375 1069.5533447265625 1114.5560302734375 1135.52880859375 1115.0391845703125 1055.6629638671875 951.28802490234375 981.9791259765625 1084.3148193359375 1173.568359375 1244.9317626953125 1226.171875 1190.57958984375 1136.1217041015625 1022.28887939453125 852.24395751953125 839.15106201171875 980.31317138671875 1052.65234375 1122.1981201171875 1167.226806640625 1138.72802734375 1091.4195556640625
1308.7535400390625 1286.37744140625 1240.4132080078125 1165.079833984375 1046.73828125 875.49749755859375 683.2232666015625 531.7572021484375 463.650726318359375 467.8958740234375 585.9119873046875 770.66827392578125 957.5380859375 1067.4287109375 1054.87255859375 1010.15771484375 1010.2803955078125 986.3837890625 953.76885986328125 909.7567138671875 863.00079345703125 897.97161865234375 933.8414306640625 967.01324462890625 994.3724365234375 1006.3206787109375 1014.55792236328125 991.41754150390625 898.43475341796875 908.26934814453125 972.6241455078125 1036.0516357421875 1092.9261474609375 1083.6153564453125 1048.544921875 1008.0616455078125 952.7166748046875 826.040771484375 762.207763671875 863.1339111328125 959.052001953125 1025.1875 1027.0013427734375 973.614501953125 932.30596923828125
1212.5655517578125 1181.4996337890625 1122.65087890625 1048.13818359375 938.51885986328125 798.740478515625 642.314697265625 505.70794677734375 432.84149169921875 468.126495361328125 563.03753662109375 692.794677734375 823.38623046875 878.881103515625 854.49346923828125 822.59649658203125 811.08197021484375 800.937255859375 792.57769775390625 793.777099609375 786.62420654296875 820.80419921875 847.94061279296875 864.325439453125 877.11572265625 887.34405517578125 901.99688720703125 886.38885498046875 819.8861083984375 831.65533447265625 858.25299072265625 888.80560302734375 919.3609619140625 907.82098388671875 879.580322265625 854.68115234375 837.331787109375 788.85626220703125 706.508544921875 744.758544921875 842.34710693359375 882.41754150390625 861.3173828125 805.4627685546875 771.73870849609375
1092.6746826171875 1037.3656005859375 958.25860595703125 877.37481689453125 788.51727294921875 695.38958740234375 577.988037109375 474.66259765625 417.242401123046875 461.941925048828125 545.59197998046875 615.46856689453125 667.1015625 692.3038330078125 681.72210693359375 673.00469970703125 660.3739013671875 648.333251953125 656.0465087890625 681.640625 696.027587890625 726.18109130859375 745.89154052734375 747.08795166015625 756.8270263671875 763.49267578125 767.82293701171875 755.74285888671875 714.4388427734375 721.04150390625 718.20989990234375 718.82183837890625 731.63018798828125 729.16241455078125 721.994384765625 719.0784912109375 716.8603515625 708.27593994140625 668.23577880859375 657.92730712890625 703.11212158203125 721.83172607421875 699.532958984375 664.30816650390625 642.93646240234375
948.8983154296875 883.17999267578125 805.778076171875 733.29901123046875 667.30560302734375 593.318359375 505.4129638671875 436.689727783203125 395.259368896484375 446.92877197265625 483.1490478515625 508.024993896484375 523.708984375 533.7618408203125 531.58343505859375 538.619140625 546.01397705078125 554.26336669921875 566.88311767578125 581.04364013671875 593.0670166015625 621.8076171875 638.5836181640625 641.0716552734375 642.85552978515625 644.03741455078125 647.6046142578125 646.07659912109375 620.57452392578125 604.8253173828125 602.22674560546875 596.45166015625 600.76312255859375 605.98406982421875 607.918212890625 605.3919677734375 617.34649658203125 634.51165771484375 617.583251953125 602.718505859375 591.45550537109375 585.00634765625 571.90948486328125 547.843505859375 535.60546875
869.150634765625 782.34759521484375 698.28387451171875 627.9853515625 560.89019775390625 493.475830078125 433.309967041015625 390.246734619140625 356.87213134765625 385.596435546875 399.089752197265625 405.104095458984375 408.522735595703125 417.33221435546875 424.194244384765625 437.984588623046875 456.972808837890625 474.745697021484375 490.31317138671875 501.391143798828125 509.71502685546875 527.6929931640625 538.86297607421875 543.36285400390625 546.3475341796875 548.865966796875 549.4195556640625 554.38787841796875 547.1954345703125 533.38250732421875 526.94024658203125 518.50146484375 520.31683349609375 520.36785888671875 517.25579833984375 513.97021484375 537.3741455078125 570.393310546875 571.0123291015625 564.97857666015625 550.91363525390625 527.82769775390625 504.911773681640625 482.40142822265625 477.858306884765625
760.13006591796875 681.87335205078125 610.7750244140625 546.5562744140625 488.980712890625 438.5404052734375 407.04833984375 377.884307861328125 327.734527587890625 340.325927734375 353.80450439453125 344.9476318359375 329.5078125 334.421356201171875 365.422027587890625 400.8194580078125 432.272918701171875 443.62786865234375 439.908172607421875 429.398529052734375 416.06573486328125 417.79541015625 419.999267578125 431.8131103515625 456.515899658203125 462.411865234375 470.223297119140625 478.6953125 478.283782958984375 482.28094482421875 479.55792236328125 481.917938232421875 484.7220458984375 476.88897705078125 466.62896728515625 466.43170166015625 490.33795166015625 522.15582275390625 533.07232666015625 532.34368896484375 523.316650390625 506.692474365234375 485.171478271484375 461.87353515625 440.6290283203125
697.740966796875 639.84613037109375 579.40814208984375 521.406005859375 463.93182373046875 408.987213134765625 366.465362548828125 341.55889892578125 315.148345947265625 312.87200927734375 309.153472900390625 294.87335205078125 284.770843505859375 282.430633544921875 293.15313720703125 344.254302978515625 395.027374267578125 388.833160400390625 354.582366943359375 334.705474853515625 323.820098876953125 313.490753173828125 308.52728271484375 311.20166015625 332.592529296875 344.8309326171875 348.509857177734375 360.796905517578125 368.253753662109375 378.042724609375 394.3004150390625 444.8333740234375 461.717437744140625 432.222076416015625 428.9625244140625 444.669097900390625 471.6346435546875 491.100067138671875 498.33917236328125 499.517486572265625 492.87591552734375 480.660064697265625 463.16180419921875 441.784027099609375 420.092376708984375
651.78729248046875 574.05987548828125 509.416717529296875 449.66571044921875 376.394927978515625 316.1785888671875 295.458984375 293.425872802734375 295.6773681640625 298.98004150390625 293.875732421875 286.76800537109375 280.591217041015625 277.762908935546875 277.52923583984375 286.047943115234375 294.654876708984375 288.70489501953125 283.169677734375 286.57635498046875 290.71502685546875 283.930328369140625 279.837005615234375 279.69342041015625 280.883392333984375 282.527252197265625 288.817535400390625 301.111114501953125 302.569854736328125 297.17987060546875 301.550079345703125 339.46826171875 378.740478515625 379.0732421875 397.82745361328125 424.172515869140625 447.696533203125 459.78863525390625 465.36639404296875 467.3642578125 462.7935791015625 452.385528564453125 439.03753662109375 422.688232421875 402.536865234375
556.0914306640625 472.107421875 390.21856689453125 326.32379150390625 288.7054443359375 282.1961669921875 285.261749267578125 288.1112060546875 290.89599609375 292.4521484375 288.4921875 283.26470947265625 278.97088623046875 277.053009033203125 276.082275390625 275.735443115234375 276.5150146484375 278.07830810546875 278.8031005859375 278.6800537109375 279.998443603515625 279.262176513671875 279 279.007904052734375 279.347137451171875 280.4185791015625 283.36181640625 287.892486572265625 288.48724365234375 287.022216796875 292.054779052734375 309.306976318359375 332.727508544921875 357.31622314453125 379.87615966796875 403.11669921875 420.94158935546875 430.42291259765625 433.682891845703125 436.826873779296875 435.7315673828125 426.248565673828125 414.48492431640625 402.090484619140625 387.09161376953125
