data/prepareddata/MRC_Ts_sl4_VM.asc
ncols        98
nrows        102
xllcorner    553665.498394084047
yllcorner    5112101.329324090853
cellsize     250.000000000000
NODATA_value -9999
[rows 38 to 75 of 102, columns 0 to 83 of 98]
-9999 -9999 5374 5398 -9999 -9999 5392 5427 5417 5316 5130 5133 5187 5218 5354 5377 5333 5337 5321 5342 5285 5244 5270 5301 5273 5202 5195 5196 5210 5230 5271 5348 5370 5295 5257 5262 5267 5249 5223 5191 5235 5262 5189 5145 5138 5127 5122 5088 5060 5049 5038 5040 5069 5103 5098 5090 5068 5012 4991 5075 5089 5085 5095 5115 5162 5202 5155 5136 5082 5124 5163 5159 5138 5053 5019 5059 5079 5115 5183 5215 5179 5235 5221 5091
-9999 -9999 5434 5468 -9999 -9999 5391 5399 5419 5338 5176 5141 5295 5275 5325 5347 5338 5334 5317 5281 5232 5226 5227 5250 5241 5191 5194 5198 5192 5205 5235 5316 5387 5383 5314 5256 5281 5311 5270 5200 5210 5255 5215 5155 5138 5172 5144 5092 5052 5039 5053 5035 5051 5073 5085 5084 5057 5062 5059 5098 5088 5087 5086 5101 5161 5190 5149 5134 5115 5158 5179 5161 5149 5076 4979 4990 5040 5076 5111 5084 5089 5168 5155 5157
-9999 -9999 -9999 5493 -9999 -9999 5375 5323 5267 5221 5128 5123 5315 5321 5318 5356 5348 5304 5305 5295 5259 5246 5242 5240 5231 5204 5194 5193 5186 5196 5196 5259 5367 5378 5333 5260 5280 5272 5233 5262 5229 5233 5224 5164 5162 5200 5174 5122 5070 5035 5059 5042 5043 5058 5063 5077 5061 5079 5089 5107 5088 5094 5100 5132 5203 5211 5181 5184 5204 5215 5194 5171 5156 5090 5004 5059 5157 5216 5242 5180 5163 5199 5208 5229
-9999 -9999 5428 -9999 5409 5448 5355 5253 5181 5182 5137 5101 5224 5314 5324 5359 5345 5304 5287 5285 5273 5264 5278 5304 5291 5251 5240 5224 5218 5199 5203 5241 5358 5385 5316 5240 5209 5226 5231 5256 5271 5254 5241 5194 5162 5177 5184 5178 5144 5049 5036 5059 5072 5045 5042 5052 5014 5058 5105 5124 5087 5104 5158 5218 5243 5221 5213 5203 5204 5215 5184 5152 5082 4988 4966 5063 5192 5317 5310 5247 5254 5266 5263 5244
5338 -9999 -9999 -9999 -9999 -9999 -9999 5227 5169 5087 5086 5099 5206 5338 5345 5367 5360 5333 5315 5292 5308 5281 5280 5306 5303 5257 5254 5237 5184 5211 5235 5275 5334 5226 5200 5166 5174 5223 5257 5264 5278 5272 5233 5178 5147 5170 5187 5187 5173 5085 5071 5098 5075 5057 5071 5061 5007 5071 5136 5120 5103 5130 5187 5227 5234 5214 5202 5186 5168 5195 5168 5110 5050 4986 4982 5074 5117 5250 5255 5243 5257 5269 5275 5266
5295 5314 5363 5417 5387 -9999 5298 5247 5176 5065 5076 5141 5308 5389 5384 5398 5401 5359 5311 5321 5315 5288 5269 5260 5273 5253 5251 5238 5195 5224 5247 5307 5312 5182 5160 5164 5203 5216 5246 5289 5292 5255 5217 5119 5015 5060 5141 5188 5205 5155 5149 5145 5090 5050 5085 5085 5018 5012 5085 5167 5162 5146 5167 5193 5191 5178 5193 5162 5125 5142 5143 5117 5053 5056 5133 5120 5101 5145 5192 5230 5255 5262 5247 5235
5282 5334 5407 5410 5387 5341 5271 5255 5190 5071 5102 5192 5356 5402 5386 5392 5377 5391 5343 5328 5320 5282 5275 5265 5255 5255 5254 5231 5202 5234 5257 5273 5268 5201 5157 5164 5195 5209 5228 5267 5277 5219 5174 5081 4975 4979 5078 5159 5198 5187 5187 5107 5074 5100 5178 5082 5042 5057 5106 5182 5169 5089 5099 5114 5192 5177 5203 5169 5133 5126 5136 5158 5105 5088 5115 5095 5098 5152 5218 5280 5294 5271 5239 5243
5269 5317 5357 5314 5292 5342 5282 5257 5243 5192 5234 5280 5330 5356 5354 5347 5318 5316 5296 5303 5285 5230 5229 5273 5282 5276 5275 5251 5232 5244 5251 5257 5278 5239 5158 5176 5203 5153 5141 5179 5236 5207 5174 5143 5011 4984 5081 5100 5118 5161 5187 5073 5041 5096 5115 5099 5112 5097 5084 5082 5066 5067 5126 5112 5151 5194 5203 5174 5178 5183 5170 5178 5174 5180 5168 5130 5128 5179 5248 5294 5297 5285 5296 5309
5278 5280 5283 5269 5258 5282 5286 5262 5252 5217 5228 5309 5312 5311 5319 5311 -9999 -9999 5280 5253 5243 5183 5172 5264 5274 5263 5282 5257 5246 5241 5231 5224 5243 5215 5147 5125 5215 5088 5063 5116 5183 5240 5190 5189 5046 4984 5089 5097 5088 5131 5191 5146 5029 5075 5094 5091 5087 5063 5074 5067 5034 5092 5167 5173 5185 5203 5181 5149 5143 5154 5180 5198 5206 5202 5185 5133 5127 5160 5144 5205 5277 5317 5324 5299
5261 5269 5254 5279 5315 5291 5265 5247 5248 5227 5226 5316 5288 5256 5242 -9999 -9999 -9999 5356 5300 5216 5145 5161 5246 5265 5265 5258 5227 5224 5263 5209 5184 5228 5210 5149 5181 5317 5206 5119 5163 5244 5244 5211 5198 5073 5006 5061 5013 4987 5070 5107 5095 5043 5057 5061 5039 5018 5011 5027 5032 5056 5091 5121 5172 5198 5175 5145 5132 5130 5166 5197 5229 5226 5207 5190 5150 5141 5150 5125 5147 5192 5316 5321 5231
5243 5260 5275 5324 5347 5330 5290 5283 5287 5242 5329 5418 -9999 -9999 -9999 -9999 -9999 -9999 5256 5192 5121 5051 5142 5242 5277 5278 5248 5232 5206 5234 5232 5216 5233 5245 5217 5213 5327 5335 5272 5281 5267 5247 5224 5147 5050 5051 5027 4931 4939 4988 5006 5019 5036 5008 4980 4975 4947 4957 4981 5004 5043 5035 5073 5180 5166 5150 5133 5119 5120 5153 5188 5243 5228 5210 5196 5168 5188 5173 5176 5145 5149 5242 5242 5166
5207 5266 5304 5323 5336 5352 5370 5345 5339 5360 5383 -9999 -9999 -9999 -9999 -9999 -9999 -9999 5109 -9999 -9999 5010 5082 5226 5284 5329 5288 5247 5214 5226 5210 5214 5218 5242 5238 5224 5280 5308 5317 5315 5269 5260 5191 5115 5123 5136 5012 4890 4856 4912 4934 4955 4979 4986 4936 4921 4933 4994 5087 5066 5040 5043 5093 5151 5144 5140 5150 5141 5166 5164 5212 5241 5197 5161 5179 5164 5175 5205 5212 5179 5141 5182 5220 5193
5140 5200 5240 5239 5265 5283 5368 5384 5338 5337 5285 5231 -9999 5312 -9999 -9999 -9999 -9999 5015 -9999 -9999 5007 5060 5176 5253 5284 5223 5163 5149 5160 5203 5214 5215 5230 5207 5197 5238 5270 5271 5245 5244 5286 5144 5114 5159 5103 5022 4921 4806 4873 4861 4835 4827 4914 4940 4937 4979 5056 5096 5127 5065 5084 5144 5155 5178 5148 5171 5180 5171 5200 5229 5232 5190 5176 5178 5225 5255 5287 5230 5156 5151 5172 5200 5194
5128 5175 5177 5196 5263 5301 5345 5366 5346 5320 5303 5187 -9999 5097 -9999 5137 5156 5109 5035 -9999 -9999 -9999 -9999 5118 5186 5150 5091 5081 5129 5144 5207 5231 5220 5200 5205 5249 5288 5268 5198 5186 5246 5298 5163 5186 5195 5115 5053 4926 4741 4683 4701 4729 4725 4771 4901 4953 4995 5017 4984 5038 5096 5079 5150 5194 5212 5228 5217 5190 5181 5216 5223 5211 5184 5183 5215 5250 5263 5244 5205 5183 5172 5186 5198 5225
5196 5184 5177 5198 5240 5282 5325 5364 5345 5311 5245 5107 5031 5049 5057 5088 5092 5092 5086 -9999 -9999 -9999 -9999 5151 5106 5061 5041 5042 5116 5157 5245 5267 5244 5203 5182 5203 5205 5211 5183 5228 5241 5224 5210 5224 5180 5044 5013 4865 4730 4665 4668 4729 4717 4687 4810 4922 4953 4987 5045 5141 5182 5155 5200 5224 5227 5253 5265 5249 5248 5245 5200 5185 5188 5195 5176 5175 5201 5159 5168 5169 5174 5226 5226 5236
5182 5200 5212 5237 5280 5303 5320 5359 5343 5301 5238 5196 5116 5138 -9999 5129 5167 5112 5099 5075 -9999 -9999 5075 5096 5080 5037 4988 5011 5126 5159 5252 5272 5254 5225 5198 5195 5132 5172 5229 5238 5254 5279 5264 5212 5088 4991 4978 4845 4741 4713 4724 4736 4750 4809 4922 5021 4982 5058 5164 5185 5176 5222 5249 5253 5248 5268 5292 5279 5255 5209 5174 5170 5177 5161 5196 5215 5227 5191 5184 5195 5216 5243 5239 5225
5155 5204 5238 5273 5330 5330 5291 5333 5355 5325 5269 5248 5233 5277 5353 5283 5203 5166 5108 5022 4983 4964 4973 5017 4992 5004 5068 5083 5164 5173 5215 5274 5254 5221 5201 5153 5145 5196 5222 5210 5252 5299 5276 5211 5100 4985 4936 4841 4718 4730 4793 4795 4869 4913 4975 5116 5043 5163 5199 5200 5224 5246 5254 5289 5293 5246 5238 5246 5251 5214 5189 5202 5219 5210 5220 5204 5199 5222 5212 5180 5213 5220 5215 5225
5226 5244 5298 5315 5350 5324 5297 5356 5357 5349 5318 -9999 5295 5319 5363 5326 5286 5282 5221 5165 5183 -9999 -9999 5128 5083 5133 5209 5204 5197 5203 5277 5301 5241 5234 5209 5138 5147 5196 5213 5223 5248 5242 5233 5185 5095 4955 4874 4824 4747 4890 4877 4874 4947 5033 5069 5119 5147 5224 5230 5244 5220 5250 5284 5289 5269 5213 5229 5244 5245 5198 5192 5250 5265 5229 5201 5189 5210 5222 5195 5183 5213 5217 5192 5198
5251 5286 5315 5318 5326 5324 5364 5396 5344 5324 5305 5309 5320 -9999 -9999 5331 5314 5310 5306 5281 5252 5212 5196 5198 5218 5252 5249 5262 5209 5174 5204 5225 5226 5212 5145 5115 5166 5186 5202 5222 5235 5233 5230 5155 5064 4910 4825 4871 4887 4983 5010 4970 4976 5047 5096 5138 5181 5205 5204 5240 5256 5278 5298 5294 5284 5256 5257 5247 5220 5212 5236 5269 5214 5143 5153 5179 5182 5176 5167 5187 5208 5220 5213 5202
5281 5296 5312 5302 5286 5293 5370 5377 5320 5306 5289 5280 5273 5306 -9999 -9999 5275 5291 5304 5261 5244 5236 5206 5217 5277 5233 5241 5292 5196 5150 5180 5186 5194 5148 5124 5094 5151 5164 5159 5172 5180 5219 5259 5161 5086 4988 4855 4907 5013 5046 5090 5102 5105 5092 5100 5166 5231 5201 5209 5265 5285 5274 5255 5240 5253 5269 5280 5278 5276 5262 5224 5215 5110 5009 5079 5150 5138 5135 5158 5188 5193 5211 5227 5220
5292 5325 5340 5308 5234 5189 5249 5271 5237 5309 5291 5251 5227 5251 5244 5260 5273 5263 5267 5293 5280 5246 5152 5180 5261 5244 5227 5254 5183 5168 5190 5187 5172 5143 5130 5075 5140 5149 5126 5148 5141 5199 5247 5185 5095 5060 4947 4943 5050 5147 5192 5165 5150 5147 5190 5260 5221 5183 5213 5245 5233 5197 5224 5271 5309 5351 5388 5324 5279 5196 5134 5114 5006 4934 5046 5183 5152 5142 5157 5170 5156 5164 5200 5233
5352 5369 5332 5247 5178 5174 5237 5231 5180 5297 5294 5236 5231 5224 5238 5260 5252 5224 5235 5320 5293 5243 5139 5132 5169 5158 5226 5198 5174 5180 5190 5195 5178 5177 5138 5104 5138 5126 5108 5101 5076 5140 5233 5198 5089 5050 4974 4950 5019 5132 5233 5218 5217 5236 5267 5199 5146 5143 5174 5147 5157 5191 5248 5335 5356 5421 5417 5319 5244 5170 5125 5066 4947 4931 5022 5131 5121 5144 5148 5163 5154 5179 5195 5153
5276 5272 5252 5190 5171 5194 5244 5161 5152 5271 5289 5195 5205 5233 5218 5235 5275 5267 5264 5302 5263 5168 5117 5117 5122 5158 5186 5145 5142 5194 5208 5196 5181 5169 5137 5109 5132 5146 5137 5094 5083 5141 5225 5221 5132 5097 5026 4975 5008 5093 5184 5198 5300 5272 5197 5162 5131 5091 5112 5141 5183 5227 5265 5336 5325 5371 5355 5303 5245 5197 5148 5104 5038 4970 5016 5042 5019 5099 5142 5155 5183 5208 5220 5169
5197 5212 5256 5214 5181 5269 5289 5195 5169 5219 5221 5174 5189 5232 5250 5290 5306 5315 5331 5304 5209 5138 5137 5183 5188 5171 5203 5148 5160 5184 5209 5201 5192 5175 5167 5144 5214 5199 5204 5145 5127 5140 5212 5214 5140 5140 5069 5005 5052 5084 5151 5164 5250 5294 5190 5131 5115 5094 5116 5227 5267 5255 5291 5324 5324 5324 5319 5306 5274 5234 5163 5111 5099 5079 5119 5082 5037 5103 5133 5126 5159 5194 5226 5205
5227 5209 5277 5250 5222 5240 5209 5213 5228 5213 5199 5182 5174 5222 5284 5318 5310 5330 5277 5297 5296 5211 5212 5217 5197 5185 5205 5222 5293 5215 5250 5250 5251 5220 5177 5158 5212 5199 5212 5218 5191 5159 5166 5172 5119 5127 5055 4997 5068 5081 5115 5132 5158 5263 5237 5175 5159 5150 5180 5254 5267 5254 5284 5322 5308 5289 5307 5279 5263 5243 5158 5110 5084 5129 5161 5114 5127 5190 5180 5137 5172 5185 5192 5162
5234 5264 5275 5266 5268 5228 5191 5214 5265 5240 5248 5261 5203 5237 5311 5270 5188 5209 5170 5204 5226 5260 5232 5220 5228 5258 5250 5275 5320 5271 5278 5285 5296 5282 5212 5208 5232 5213 5203 5190 5176 5137 5105 5124 5110 5106 5037 4972 5031 5070 5098 5119 5118 5216 5269 5199 5160 5179 5224 5270 5292 5298 5288 5287 5256 5226 5236 5247 5239 5200 5128 5110 5103 5142 5148 5180 5288 5306 5316 5209 5165 5168 5155 5184
5327 5321 5278 5264 5270 5227 5195 5209 5279 5278 5298 5282 5181 5179 5280 5260 5192 5167 5178 5190 5207 5229 5251 5247 5263 5263 5309 5340 5333 5332 5315 5280 5265 5234 5205 5222 5210 5211 5217 5175 5134 5100 5059 5105 5125 5096 5046 4974 5023 5068 5068 5076 5107 5217 5289 5213 5179 5208 5233 5250 5288 5289 5274 5216 5205 5228 5252 5247 5237 5183 5113 5105 5122 5146 5178 5331 5315 5302 5261 5179 5169 5186 5163 5206
5329 5281 5236 5244 5243 5213 5206 5252 5289 5290 5287 5226 5154 5136 5255 5260 5241 5241 5235 5233 5238 5240 5258 5262 5265 5292 5335 5345 5332 5352 5363 5293 5231 5179 5167 5227 5251 5181 5141 5136 5119 5091 5069 5100 5130 5103 5067 4999 5041 5063 5062 5086 5143 5232 5253 5225 5228 5236 5229 5221 5258 5299 5302 5179 5180 5227 5243 5220 5195 5136 5099 5066 5071 5073 5120 5165 5190 5169 5129 5141 5154 5192 5205 5199
5241 5172 5175 5233 5230 5205 5220 5260 5295 5286 5267 5169 5119 5131 5180 5249 5261 5257 5248 5216 5233 5239 5260 5267 5274 5296 5320 5308 5287 5294 5287 5250 5216 5217 5204 5231 5216 5155 5155 5137 5117 5116 5083 5058 5073 5119 5113 5047 5043 5093 5107 5067 5166 5217 5206 5226 5240 5217 5223 5209 5271 5271 5300 5244 5198 5186 5181 5198 5194 5154 5118 5081 5058 5079 5125 5075 5066 5122 5150 5193 5234 5257 5261 5222
5226 5190 5195 5215 5210 5199 5230 5280 5287 5243 5212 5162 5112 5120 5166 5253 5281 5243 5240 5223 5251 5244 5280 5287 5293 5295 5303 5286 5276 5270 5264 5261 5288 5313 5270 5236 5231 5249 5263 5195 5133 5152 5079 5005 5009 5057 5128 5064 5034 5097 5087 5042 5143 5188 5200 5211 5210 5182 5205 5198 5240 5245 5240 5237 5213 5208 5213 5229 5238 5198 5126 5083 5109 5139 5127 5090 5092 5171 5217 5220 5251 5263 5269 5224
5234 5222 5241 5231 5209 5218 5232 5249 5224 5191 5145 5132 5125 5159 5235 5259 5229 5252 5273 5268 5294 5289 5267 5283 5290 5287 5287 5286 5295 5290 5276 5290 5295 5344 5290 5219 5216 5234 5235 5192 5179 5208 5113 5049 5081 5156 5155 5080 5037 5085 5065 5009 5059 5119 5162 5193 5206 5194 5183 5178 5207 5228 5197 5174 5193 5261 5255 5240 5251 5217 5150 5115 5129 5166 5257 5259 5240 5274 5266 5250 5247 5244 5250 5204
5281 5285 5287 5253 5205 5216 5224 5201 5157 5174 5114 5153 5154 5220 5210 5200 5221 5246 5257 5259 5285 5287 5262 5266 5275 5283 5283 5276 5300 5311 5289 5292 5272 5285 5241 5199 5205 5195 5173 5153 5172 5206 5179 5160 5167 5146 5123 5077 4988 5033 5055 4984 4993 5037 5109 5193 5212 5198 5209 5212 5228 5217 5156 5163 5177 5191 5176 5185 5206 5200 5133 5139 5174 5200 5333 5302 5275 5288 5254 5242 5190 5181 5201 5168
5285 5271 5248 5235 5213 5201 5213 5188 5168 5181 5152 5185 5188 5247 5194 5168 5192 5248 5237 5222 5249 5248 5236 5245 5254 5261 5264 5247 5271 5295 5295 5271 5249 5255 5244 5223 5219 5193 5177 5174 5195 5196 5181 5182 5170 5124 5109 5102 4988 4966 5012 4985 4951 4976 5047 5124 5198 5189 5210 5189 5189 5145 5108 5113 5121 5115 5151 5130 5134 5178 5174 5180 5202 5241 5354 5344 5283 5230 5189 5155 5132 5146 5162 5138
5255 5240 5234 5247 5230 5198 5189 5198 5202 5195 5207 5238 5207 5193 5194 5199 5250 5284 5255 5221 5216 5206 5195 5205 5236 5252 5265 5268 5269 5286 5297 5292 5294 5290 5284 5252 5216 5182 5191 5188 5206 5211 5178 5168 5151 5139 5107 5150 5089 4971 4935 4977 4946 4946 5018 5068 5085 5128 5160 5148 5172 5105 5053 5058 5095 5132 5149 5096 5087 5118 5149 5159 5154 5201 5230 5231 5165 5122 5123 5109 5106 5115 5112 5101
5250 5219 5193 5213 5240 5226 5179 5169 5186 5209 5235 5216 5177 5172 5180 5216 5258 5291 5270 5223 5200 5178 5196 5231 5207 5227 5234 5245 5257 5258 5236 5257 5303 5311 5288 5266 5233 5216 5200 5202 5227 5235 5197 5172 5177 5173 5124 5173 5140 5039 4968 4993 4990 4957 4996 5029 5041 5089 5163 5219 5191 5105 5060 5069 5064 5119 5144 5070 5064 5115 5180 5140 5146 5113 5086 5086 5051 5033 5058 5103 5077 5075 5061 5069
5243 5199 5185 5196 5232 5264 5216 5210 5227 5204 5221 5210 5184 5177 5210 5183 5210 5230 5217 5192 5178 5152 5223 5287 5243 5248 5246 5230 5239 5263 5278 5278 5292 5318 5235 5190 5170 5202 5234 5244 5209 5239 5228 5183 5204 5227 5161 5183 5167 5047 4987 5051 5029 4950 4950 4974 5009 5035 5136 5245 5191 5100 5051 5076 5067 5146 5140 5084 5068 5135 5208 5162 5176 5060 5063 5041 4946 4926 4961 5079 5061 5065 5056 5058
5251 5215 5196 5189 5211 5256 5247 5245 5258 5169 5156 5157 5138 5134 5230 5142 5158 5184 5165 5163 5148 5135 5117 5179 5233 5245 5267 5258 5254 5276 5303 5247 5246 5307 5248 5225 5222 5217 5195 5194 5223 5215 5204 5189 5182 5210 5175 5179 5198 5096 5028 5081 5083 4990 4947 5008 5045 5048 5064 5134 5070 5020 5082 5109 5112 5205 5130 5106 5084 5148 5203 5134 5095 5065 5066 5050 4937 4906 4903 4961 5056 5074 5086 5040
5254 5255 5241 5192 5205 5210 5213 5208 5186 5124 5103 5144 5179 5141 5170 5119 5138 5141 5128 5149 5131 5127 5095 5151 5169 5202 5227 5245 5258 5236 5202 5189 5231 5268 5271 5242 5209 5189 5126 5116 5151 5139 5173 5218 5192 5203 5196 5190 5209 5174 5109 5077 5111 5085 5036 5064 5072 5046 5045 5063 5089 5132 5172 5128 5180 5226 5129 5123 5108 5122 5158 5120 5051 5017 5071 5093 5010 4951 4945 4952 5006 4998 5078 5077
