data/prepareddata/MRC_m_sl4_VM.asc
ncols        98
nrows        102
xllcorner    553665.498394084047
yllcorner    5112101.329324090853
cellsize     250.000000000000
NODATA_value -9999
[rows 38 to 75 of 102, columns 0 to 83 of 98]
-9999 -9999 2392 2425 -9999 -9999 2402 2414 2445 2415 2323 2325 2380 2395 2448 2457 2470 2520 2534 2589 2624 2614 2610 2641 2613 2559 2512 2441 2457 2496 2525 2506 2518 2517 2512 2577 2590 2559 2542 2521 2443 2401 2345 2309 2291 2318 2381 2448 2479 2473 2491 2511 2520 2493 2442 2419 2399 2371 2375 2401 2424 2445 2471 2496 2485 2487 2457 2456 2447 2487 2492 2475 2460 2380 2341 2369 2320 2328 2361 2365 2316 2360 2387 2349
-9999 -9999 2425 2422 -9999 -9999 2419 2402 2442 2419 2362 2353 2428 2433 2453 2441 2511 2592 2604 2589 2587 2596 2576 2623 2613 2521 2448 2410 2434 2474 2496 2530 2542 2509 2497 2523 2575 2603 2586 2540 2470 2434 2387 2318 2297 2376 2447 2464 2458 2427 2444 2479 2506 2510 2486 2452 2392 2372 2417 2442 2463 2487 2477 2457 2467 2490 2482 2463 2438 2477 2500 2493 2496 2439 2356 2343 2345 2321 2319 2289 2268 2320 2324 2310
-9999 -9999 -9999 2407 -9999 -9999 2416 2397 2386 2386 2395 2392 2455 2469 2468 2460 2548 2616 2668 2636 2566 2552 2558 2592 2572 2483 2431 2427 2448 2446 2459 2524 2536 2506 2486 2502 2560 2599 2571 2551 2498 2458 2403 2372 2355 2423 2497 2487 2460 2428 2423 2465 2489 2500 2500 2444 2386 2374 2410 2451 2467 2499 2481 2454 2465 2489 2490 2488 2466 2466 2491 2516 2505 2463 2390 2374 2386 2361 2352 2307 2286 2315 2324 2342
-9999 -9999 2406 -9999 2389 2401 2414 2390 2378 2397 2403 2399 2439 2471 2446 2461 2554 2630 2678 2637 2555 2547 2568 2582 2543 2477 2445 2447 2498 2503 2513 2535 2532 2535 2523 2527 2531 2578 2564 2576 2510 2479 2438 2428 2407 2410 2470 2476 2454 2400 2408 2465 2471 2477 2482 2417 2358 2357 2375 2414 2450 2468 2454 2463 2476 2469 2454 2464 2483 2488 2495 2516 2478 2386 2359 2400 2415 2435 2419 2357 2347 2356 2354 2370
2418 -9999 -9999 -9999 -9999 -9999 -9999 2391 2390 2375 2374 2404 2430 2490 2489 2524 2595 2628 2639 2582 2523 2541 2560 2552 2531 2504 2481 2476 2489 2537 2536 2546 2539 2496 2488 2484 2502 2546 2569 2584 2529 2509 2483 2447 2429 2413 2426 2406 2390 2378 2392 2461 2490 2496 2467 2397 2331 2350 2398 2413 2434 2429 2426 2460 2472 2457 2439 2466 2500 2517 2503 2486 2470 2397 2394 2422 2419 2438 2417 2379 2385 2388 2391 2419
2343 2391 2393 2355 2359 -9999 2375 2428 2443 2395 2414 2438 2477 2521 2548 2572 2589 2593 2560 2562 2515 2524 2542 2536 2533 2525 2502 2514 2512 2539 2555 2559 2550 2514 2490 2479 2492 2518 2532 2568 2538 2522 2519 2446 2347 2362 2381 2377 2395 2408 2425 2458 2470 2479 2485 2427 2348 2329 2372 2410 2395 2398 2431 2459 2463 2466 2468 2500 2494 2507 2483 2475 2462 2436 2472 2464 2423 2405 2382 2381 2393 2401 2392 2413
2386 2391 2405 2391 2403 2422 2408 2451 2456 2437 2500 2498 2540 2565 2566 2593 2608 2603 2574 2548 2519 2531 2534 2542 2515 2509 2506 2519 2513 2482 2471 2523 2558 2542 2503 2462 2477 2515 2511 2511 2521 2497 2490 2422 2306 2325 2353 2382 2434 2431 2442 2402 2383 2419 2453 2388 2348 2297 2329 2337 2323 2342 2400 2444 2498 2466 2491 2521 2505 2492 2482 2507 2490 2464 2474 2448 2393 2392 2391 2400 2398 2402 2408 2418
2406 2407 2417 2399 2417 2463 2456 2428 2456 2489 2535 2559 2561 2544 2546 2567 2576 2556 2579 2563 2531 2545 2541 2553 2541 2522 2528 2533 2507 2445 2410 2495 2565 2540 2484 2451 2472 2460 2455 2482 2536 2490 2468 2443 2331 2309 2330 2324 2382 2417 2437 2382 2370 2412 2436 2392 2381 2320 2300 2340 2327 2348 2403 2421 2471 2459 2490 2527 2471 2503 2508 2525 2563 2548 2507 2451 2391 2386 2397 2380 2370 2409 2448 2465
2416 2384 2400 2400 2402 2431 2444 2427 2461 2476 2533 2610 2576 2528 2525 2518 -9999 -9999 2567 2535 2529 2537 2532 2549 2552 2560 2562 2551 2533 2450 2432 2505 2509 2476 2440 2400 2473 2414 2411 2459 2498 2472 2491 2473 2353 2303 2314 2298 2349 2395 2461 2442 2376 2425 2429 2440 2426 2387 2376 2382 2381 2380 2420 2463 2483 2483 2502 2509 2470 2475 2519 2553 2594 2592 2539 2466 2413 2397 2376 2371 2391 2468 2509 2520
2385 2369 2377 2404 2433 2431 2425 2440 2444 2452 2511 2575 2562 2519 2520 -9999 -9999 -9999 2554 2527 2524 2497 2508 2513 2524 2557 2562 2540 2517 2479 2454 2471 2455 2407 2397 2427 2477 2445 2423 2449 2476 2421 2459 2459 2406 2341 2307 2258 2245 2307 2366 2394 2369 2406 2436 2439 2426 2402 2392 2396 2395 2377 2364 2398 2450 2478 2496 2490 2437 2467 2538 2571 2583 2597 2579 2494 2430 2417 2389 2374 2422 2506 2517 2517
2335 2338 2366 2411 2411 2432 2437 2437 2441 2438 2489 2527 -9999 -9999 -9999 -9999 -9999 -9999 2447 2379 2437 2439 2485 2501 2507 2552 2552 2552 2533 2512 2502 2479 2454 2456 2457 2464 2466 2454 2437 2448 2455 2435 2439 2416 2388 2360 2301 2216 2192 2230 2265 2292 2304 2317 2342 2382 2393 2395 2384 2390 2394 2352 2320 2339 2398 2483 2493 2480 2455 2487 2529 2565 2589 2577 2572 2530 2474 2429 2429 2421 2471 2494 2482 2464
2319 2339 2359 2396 2406 2416 2425 2436 2441 2442 2478 -9999 -9999 -9999 -9999 -9999 -9999 -9999 2302 -9999 -9999 2437 2449 2509 2550 2582 2572 2560 2532 2485 2461 2469 2450 2460 2464 2457 2433 2408 2414 2385 2387 2444 2439 2411 2409 2379 2275 2185 2161 2191 2175 2189 2189 2197 2226 2304 2354 2403 2437 2411 2347 2295 2285 2322 2412 2469 2510 2521 2518 2489 2507 2554 2563 2535 2542 2511 2494 2462 2464 2498 2512 2464 2480 2462
2283 2303 2303 2342 2367 2395 2438 2451 2421 2437 2493 2544 -9999 2400 -9999 -9999 -9999 -9999 2272 -9999 -9999 2413 2424 2461 2501 2527 2529 2512 2470 2452 2469 2451 2442 2473 2461 2429 2416 2399 2374 2338 2412 2495 2433 2411 2413 2322 2232 2172 2108 2128 2102 2110 2104 2165 2216 2260 2333 2379 2377 2377 2314 2275 2273 2350 2434 2437 2505 2529 2504 2491 2530 2533 2535 2484 2492 2541 2539 2534 2497 2476 2458 2425 2431 2428
2259 2279 2283 2324 2394 2442 2444 2453 2428 2454 2502 2469 -9999 2326 -9999 2373 2396 2364 2321 -9999 -9999 -9999 -9999 2419 2449 2468 2496 2473 2419 2430 2484 2458 2458 2448 2441 2442 2439 2426 2367 2382 2451 2539 2451 2462 2436 2302 2248 2198 2065 2022 2016 2050 2049 2097 2160 2208 2319 2334 2287 2267 2252 2233 2282 2356 2423 2476 2521 2527 2525 2536 2528 2505 2519 2502 2499 2517 2530 2505 2441 2409 2391 2389 2398 2424
2311 2310 2298 2324 2375 2420 2466 2480 2456 2456 2457 2413 2345 2312 2310 2329 2335 2332 2327 -9999 -9999 -9999 -9999 2363 2403 2439 2453 2425 2411 2440 2487 2494 2484 2443 2413 2408 2404 2437 2399 2407 2470 2514 2474 2472 2458 2286 2242 2219 2123 2055 2050 2048 2029 2051 2113 2170 2221 2252 2269 2263 2244 2250 2307 2361 2435 2506 2542 2586 2608 2588 2557 2541 2513 2482 2469 2454 2437 2405 2369 2384 2384 2367 2382 2413
2354 2354 2342 2332 2355 2421 2473 2493 2473 2474 2457 2469 2411 2354 -9999 2299 2292 2303 2311 2287 -9999 -9999 2331 2313 2308 2376 2349 2378 2435 2447 2496 2509 2460 2432 2425 2419 2383 2425 2443 2466 2505 2519 2486 2456 2406 2302 2271 2213 2130 2097 2089 2071 2068 2124 2210 2259 2214 2242 2300 2286 2266 2326 2373 2418 2457 2517 2586 2626 2593 2559 2519 2524 2506 2461 2426 2412 2358 2367 2372 2360 2377 2380 2391 2402
2424 2434 2409 2403 2413 2456 2466 2491 2495 2495 2458 2476 2467 2450 2476 2393 2305 2283 2287 2287 2303 2318 2306 2324 2304 2333 2349 2399 2448 2417 2437 2430 2398 2386 2381 2387 2432 2459 2482 2506 2504 2504 2482 2453 2415 2340 2289 2203 2099 2089 2113 2132 2166 2218 2265 2315 2282 2365 2410 2420 2363 2398 2436 2488 2510 2562 2619 2627 2593 2561 2515 2490 2481 2414 2347 2332 2330 2339 2354 2342 2360 2368 2381 2397
2533 2516 2461 2490 2461 2461 2475 2494 2503 2515 2450 -9999 2430 2471 2496 2466 2405 2363 2312 2308 2344 -9999 -9999 2387 2343 2372 2410 2428 2435 2401 2403 2384 2359 2360 2381 2389 2427 2496 2510 2514 2538 2512 2465 2421 2404 2307 2224 2170 2097 2191 2200 2201 2229 2263 2247 2251 2314 2418 2443 2444 2412 2458 2445 2490 2531 2572 2576 2598 2584 2544 2480 2442 2425 2371 2311 2292 2300 2314 2317 2328 2378 2381 2374 2408
2553 2537 2526 2509 2474 2501 2538 2543 2493 2486 2439 2404 2423 -9999 -9999 2443 2408 2399 2399 2399 2400 2394 2385 2364 2344 2401 2463 2469 2433 2380 2387 2407 2386 2368 2379 2376 2438 2515 2529 2544 2515 2500 2444 2403 2380 2295 2194 2184 2168 2226 2260 2234 2232 2273 2308 2298 2289 2372 2404 2438 2480 2523 2480 2507 2586 2586 2575 2558 2516 2434 2375 2364 2358 2333 2302 2282 2286 2297 2284 2312 2371 2416 2429 2439
2543 2537 2537 2518 2488 2492 2555 2548 2472 2469 2452 2410 2413 2428 -9999 -9999 2388 2392 2424 2428 2418 2391 2334 2344 2381 2420 2470 2482 2415 2362 2386 2415 2407 2391 2395 2403 2454 2513 2533 2537 2494 2499 2462 2398 2375 2353 2260 2212 2241 2270 2265 2232 2245 2276 2305 2334 2349 2387 2438 2485 2532 2552 2546 2548 2544 2545 2532 2466 2405 2357 2331 2339 2323 2274 2277 2275 2280 2294 2305 2360 2404 2438 2471 2447
2554 2561 2559 2534 2486 2489 2504 2478 2420 2476 2473 2424 2393 2399 2397 2373 2404 2418 2418 2440 2424 2414 2374 2364 2417 2451 2457 2469 2419 2411 2432 2456 2464 2458 2448 2440 2464 2505 2538 2518 2463 2484 2503 2432 2385 2387 2286 2229 2274 2303 2284 2263 2284 2322 2375 2426 2407 2408 2457 2503 2544 2547 2561 2566 2550 2512 2450 2350 2302 2291 2284 2278 2259 2235 2255 2309 2286 2307 2349 2397 2405 2432 2475 2479
2561 2564 2528 2498 2475 2466 2421 2395 2372 2451 2489 2469 2441 2406 2384 2351 2393 2431 2426 2470 2436 2448 2420 2391 2412 2441 2473 2454 2447 2463 2475 2513 2527 2533 2492 2453 2470 2497 2519 2498 2466 2488 2514 2469 2391 2367 2302 2258 2275 2296 2328 2322 2347 2389 2415 2422 2451 2448 2495 2515 2541 2560 2541 2536 2488 2381 2343 2290 2290 2279 2291 2260 2223 2228 2258 2286 2270 2326 2346 2363 2391 2434 2453 2455
2508 2490 2478 2437 2426 2400 2390 2333 2346 2417 2447 2464 2452 2424 2408 2379 2403 2450 2444 2472 2465 2447 2414 2390 2377 2428 2467 2447 2466 2529 2534 2513 2519 2521 2465 2416 2435 2473 2519 2502 2481 2494 2497 2473 2419 2381 2328 2277 2256 2271 2314 2333 2414 2465 2452 2461 2476 2473 2492 2528 2532 2551 2505 2469 2353 2301 2350 2318 2323 2323 2333 2340 2330 2319 2338 2309 2293 2345 2354 2353 2385 2400 2432 2430
2440 2415 2437 2398 2364 2415 2409 2342 2323 2377 2422 2449 2428 2421 2439 2448 2435 2438 2446 2436 2409 2380 2389 2417 2425 2425 2446 2425 2454 2485 2492 2461 2490 2480 2446 2440 2496 2477 2519 2489 2494 2472 2477 2438 2403 2370 2326 2279 2275 2263 2274 2294 2375 2450 2436 2434 2466 2486 2489 2545 2536 2506 2453 2384 2370 2340 2369 2393 2388 2408 2437 2429 2417 2412 2416 2399 2387 2386 2383 2393 2386 2384 2432 2429
2373 2347 2397 2378 2344 2356 2350 2350 2362 2380 2409 2446 2417 2412 2446 2447 2398 2373 2365 2381 2412 2400 2417 2433 2400 2404 2405 2404 2448 2427 2451 2432 2463 2459 2446 2439 2477 2450 2461 2479 2467 2451 2414 2390 2361 2355 2311 2268 2291 2272 2256 2233 2289 2381 2418 2449 2491 2507 2500 2494 2463 2443 2375 2335 2364 2396 2441 2462 2457 2461 2464 2431 2408 2411 2415 2438 2452 2452 2418 2403 2406 2397 2412 2403
2360 2370 2375 2371 2342 2325 2340 2365 2391 2391 2408 2476 2434 2416 2459 2406 2345 2337 2314 2355 2359 2383 2398 2402 2383 2398 2374 2410 2417 2420 2427 2423 2439 2440 2440 2464 2492 2449 2438 2454 2457 2404 2347 2357 2347 2344 2298 2254 2263 2254 2188 2155 2253 2353 2401 2445 2482 2503 2479 2420 2415 2383 2300 2338 2392 2411 2429 2502 2514 2482 2438 2399 2398 2432 2434 2495 2527 2495 2495 2465 2443 2429 2413 2439
2391 2379 2355 2376 2364 2343 2328 2337 2370 2393 2435 2496 2452 2413 2454 2432 2379 2352 2357 2364 2349 2360 2379 2375 2379 2366 2380 2420 2410 2408 2418 2413 2415 2404 2404 2465 2483 2463 2480 2472 2429 2367 2333 2352 2352 2307 2259 2221 2235 2226 2176 2175 2238 2358 2459 2463 2472 2497 2489 2453 2436 2363 2308 2316 2387 2382 2454 2560 2547 2500 2478 2447 2414 2447 2483 2549 2518 2496 2511 2466 2439 2456 2419 2439
2389 2370 2361 2363 2372 2362 2370 2375 2389 2405 2445 2470 2403 2378 2460 2438 2386 2403 2398 2410 2388 2375 2391 2394 2387 2375 2389 2393 2390 2390 2408 2424 2405 2376 2378 2441 2480 2481 2458 2452 2417 2366 2349 2357 2361 2285 2275 2220 2226 2215 2178 2190 2249 2364 2462 2477 2498 2511 2518 2516 2497 2500 2453 2345 2387 2432 2477 2535 2511 2510 2503 2456 2404 2410 2465 2494 2484 2483 2460 2432 2441 2423 2410 2420
2352 2317 2312 2346 2365 2361 2355 2380 2408 2428 2451 2432 2343 2344 2414 2449 2429 2409 2402 2409 2405 2400 2395 2387 2385 2397 2411 2385 2390 2430 2445 2450 2435 2431 2427 2489 2491 2461 2430 2407 2410 2402 2381 2339 2324 2296 2292 2235 2224 2230 2207 2197 2283 2364 2423 2453 2491 2508 2546 2533 2504 2470 2447 2418 2440 2482 2500 2516 2474 2488 2482 2437 2406 2416 2457 2463 2443 2450 2435 2429 2428 2391 2401 2403
2347 2317 2311 2331 2336 2333 2397 2446 2437 2437 2442 2379 2287 2323 2393 2422 2404 2386 2407 2422 2436 2415 2433 2436 2447 2439 2442 2444 2456 2522 2524 2517 2535 2513 2465 2468 2502 2476 2465 2436 2400 2384 2357 2330 2303 2282 2312 2263 2230 2250 2235 2230 2302 2361 2406 2424 2476 2503 2528 2519 2488 2433 2409 2443 2466 2487 2515 2543 2517 2470 2429 2396 2412 2451 2447 2431 2422 2427 2402 2395 2375 2340 2374 2364
2335 2320 2325 2340 2368 2405 2450 2459 2432 2397 2365 2302 2248 2328 2389 2381 2385 2412 2421 2440 2504 2503 2507 2507 2514 2533 2533 2536 2542 2568 2567 2571 2573 2558 2513 2471 2504 2505 2505 2478 2435 2418 2364 2359 2370 2344 2335 2305 2274 2293 2271 2222 2255 2325 2396 2440 2469 2474 2454 2438 2403 2340 2348 2396 2448 2475 2508 2558 2562 2493 2429 2415 2420 2436 2452 2400 2387 2400 2397 2388 2373 2323 2367 2354
2363 2371 2375 2420 2430 2429 2456 2426 2372 2344 2308 2317 2332 2370 2357 2346 2357 2384 2387 2426 2497 2515 2502 2479 2496 2560 2583 2559 2581 2596 2596 2592 2552 2559 2517 2513 2554 2530 2477 2436 2425 2418 2410 2396 2383 2362 2337 2319 2285 2291 2274 2210 2211 2284 2367 2420 2437 2411 2388 2343 2315 2280 2295 2345 2423 2451 2496 2567 2554 2475 2414 2420 2428 2388 2411 2334 2372 2377 2398 2380 2337 2321 2373 2365
2364 2399 2432 2478 2443 2427 2400 2359 2337 2336 2332 2359 2359 2369 2351 2308 2313 2352 2367 2409 2441 2449 2447 2458 2474 2488 2519 2512 2556 2577 2568 2567 2551 2549 2534 2537 2560 2498 2410 2412 2418 2392 2426 2409 2381 2373 2343 2319 2286 2254 2257 2227 2199 2275 2351 2382 2401 2367 2320 2247 2227 2226 2287 2331 2363 2411 2467 2492 2491 2429 2373 2374 2377 2362 2400 2380 2372 2356 2339 2313 2307 2328 2342 2345
2441 2459 2434 2430 2402 2382 2339 2333 2326 2327 2334 2348 2329 2314 2340 2353 2369 2373 2362 2376 2405 2430 2423 2435 2451 2431 2441 2472 2510 2531 2524 2529 2545 2538 2525 2535 2546 2505 2440 2436 2488 2470 2449 2427 2410 2390 2320 2305 2319 2253 2237 2238 2212 2261 2335 2367 2364 2354 2284 2214 2250 2247 2236 2301 2327 2381 2448 2428 2415 2378 2324 2271 2264 2307 2333 2320 2295 2286 2287 2292 2291 2284 2291 2299
2530 2481 2405 2371 2373 2380 2355 2328 2326 2334 2355 2342 2317 2300 2323 2370 2382 2364 2345 2339 2341 2366 2420 2420 2391 2372 2416 2447 2472 2474 2467 2479 2483 2502 2483 2488 2507 2493 2475 2459 2478 2471 2475 2500 2455 2422 2334 2306 2311 2285 2271 2279 2262 2260 2303 2338 2333 2318 2299 2273 2287 2234 2255 2313 2359 2420 2440 2406 2369 2337 2301 2262 2251 2249 2253 2253 2254 2240 2240 2263 2263 2261 2256 2250
2556 2497 2434 2362 2355 2383 2383 2377 2378 2356 2363 2365 2356 2316 2324 2347 2351 2344 2336 2321 2294 2289 2390 2433 2387 2352 2386 2403 2434 2441 2438 2440 2453 2498 2468 2451 2455 2482 2488 2513 2532 2539 2547 2551 2502 2447 2356 2319 2300 2271 2248 2288 2286 2264 2290 2296 2301 2297 2297 2311 2294 2259 2263 2297 2372 2443 2421 2413 2348 2302 2276 2244 2276 2252 2240 2234 2203 2174 2180 2233 2252 2250 2220 2216
2571 2519 2464 2386 2385 2416 2394 2385 2376 2347 2343 2358 2348 2313 2328 2303 2272 2300 2299 2304 2277 2258 2262 2327 2361 2350 2362 2380 2401 2417 2419 2423 2425 2477 2477 2471 2481 2509 2501 2513 2530 2508 2505 2540 2492 2407 2357 2351 2307 2259 2252 2293 2317 2292 2287 2292 2314 2318 2317 2306 2293 2267 2301 2313 2369 2446 2405 2388 2322 2270 2280 2230 2246 2247 2231 2233 2211 2179 2169 2192 2232 2227 2228 2200
2574 2537 2493 2456 2451 2435 2410 2357 2339 2308 2288 2335 2330 2291 2295 2252 2263 2275 2265 2269 2264 2214 2209 2279 2304 2313 2317 2345 2346 2345 2372 2390 2413 2444 2466 2461 2470 2509 2491 2467 2481 2449 2452 2518 2481 2411 2376 2362 2330 2288 2280 2272 2306 2311 2283 2300 2326 2309 2314 2287 2306 2328 2371 2354 2400 2467 2426 2336 2303 2259 2258 2214 2193 2205 2227 2238 2219 2183 2172 2165 2196 2183 2216 2227
