data/prepareddata/MRC_n_sl4_VM.asc
ncols        98
nrows        102
xllcorner    553665.498394084047
yllcorner    5112101.329324090853
cellsize     250.000000000000
NODATA_value -9999
[rows 68 to 101 of 102, columns 0 to 76 of 98]
13047 13020 13029 13055 13104 13167 13245 13261 13213 13153 13098 12992 12900 13035 13139 13124 13132 13179 13194 13227 13340 13340 13345 13346 13358 13392 13392 13397 13409 13455 13453 13460 13465 13438 13356 13282 13340 13343 13342 13295 13218 13189 13097 13087 13108 13062 13046 12996 12943 12975 12938 12857 12912 13030 13152 13228 13278 13287 13253 13226 13164 13056 13069 13152 13242 13288 13349 13438 13445 13321 13208 13184 13193 13221 13249 13158 13135
13094 13108 13116 13193 13211 13208 13255 13203 13109 13062 13001 13016 13042 13106 13084 13065 13084 13130 13134 13203 13327 13359 13336 13296 13327 13441 13483 13440 13479 13506 13506 13500 13427 13440 13365 13356 13429 13387 13294 13222 13201 13189 13175 13151 13128 13093 13050 13020 12963 12973 12944 12837 12838 12960 13101 13192 13222 13177 13137 13060 13014 12954 12979 13064 13198 13246 13327 13455 13431 13290 13182 13193 13207 13138 13177 13046 13110
13095 13156 13214 13294 13233 13206 13158 13088 13049 13048 13042 13087 13088 13106 13073 13000 13009 13076 13100 13174 13229 13244 13240 13259 13287 13313 13369 13356 13435 13472 13455 13452 13424 13420 13395 13399 13441 13331 13176 13179 13189 13144 13203 13173 13124 13112 13059 13018 12963 12910 12916 12866 12820 12944 13073 13126 13160 13102 13022 12899 12865 12864 12966 13040 13095 13177 13275 13319 13318 13208 13113 13113 13119 13092 13159 13125 13111
13230 13261 13216 13211 13162 13127 13054 13044 13031 13032 13045 13069 13037 13010 13056 13078 13106 13112 13092 13116 13166 13210 13197 13219 13246 13212 13230 13284 13352 13390 13376 13385 13415 13401 13378 13395 13415 13343 13228 13221 13313 13281 13244 13205 13175 13142 13020 12995 13019 12909 12882 12883 12840 12922 13047 13101 13096 13079 12961 12844 12903 12898 12881 12990 13034 13126 13243 13207 13184 13120 13027 12939 12926 13000 13044 13021 12980
13387 13300 13167 13108 13112 13124 13081 13035 13031 13045 13081 13058 13015 12987 13026 13106 13126 13095 13063 13053 13057 13100 13193 13194 13143 13111 13186 13240 13285 13287 13276 13296 13303 13336 13302 13312 13346 13322 13288 13260 13295 13282 13291 13334 13253 13197 13044 12997 13006 12963 12938 12951 12923 12920 12993 13051 13043 13016 12985 12942 12965 12877 12913 13009 13087 13194 13228 13168 13104 13050 12988 12924 12905 12901 12909 12908 12910
13435 13328 13218 13092 13081 13130 13130 13119 13119 13082 13095 13098 13082 13014 13027 13067 13074 13061 13048 13024 12977 12969 13142 13216 13136 13076 13133 13163 13217 13229 13224 13227 13251 13330 13277 13247 13254 13302 13311 13356 13392 13403 13418 13425 13337 13239 13082 13020 12987 12939 12900 12967 12963 12927 12970 12981 12989 12982 12982 13005 12977 12918 12925 12983 13111 13233 13195 13180 13069 12990 12946 12893 12947 12906 12886 12876 12825
13460 13368 13270 13135 13132 13186 13148 13132 13117 13067 13060 13086 13068 13009 13034 12993 12940 12988 12984 12993 12949 12916 12923 13033 13092 13071 13094 13124 13160 13188 13192 13197 13200 13293 13292 13282 13300 13349 13336 13357 13387 13347 13343 13405 13319 13170 13083 13073 12999 12918 12907 12975 13017 12973 12965 12974 13011 13018 13016 12997 12976 12932 12990 13009 13105 13239 13166 13138 13025 12938 12954 12871 12897 12898 12872 12876 12839
13465 13399 13321 13256 13246 13218 13176 13084 13054 13001 12968 13046 13038 12972 12979 12907 12925 12946 12928 12934 12927 12844 12836 12951 12993 13009 13015 13064 13066 13065 13109 13141 13180 13234 13274 13264 13281 13350 13318 13276 13299 13244 13250 13365 13300 13178 13116 13093 13038 12967 12954 12940 12998 13006 12959 12988 13031 13003 13012 12964 12997 13034 13109 13079 13159 13276 13204 13048 12992 12919 12916 12844 12809 12829 12866 12884 12852
13449 13400 13331 13227 13218 13136 13108 13058 13011 12970 12945 12964 13003 12945 12913 12890 12908 12902 12891 12927 12919 12819 12829 12924 12966 12978 12955 12967 12950 12954 12990 13043 13094 13159 13156 13182 13204 13228 13281 13254 13217 13204 13252 13340 13273 13165 13115 13068 13100 13022 12980 12902 12899 12973 12943 12919 13022 12994 12983 12972 12987 13043 13150 13155 13254 13325 13267 13104 12989 12926 12851 12793 12781 12774 12794 12791 12787
13399 13363 13305 13251 13157 13048 13036 13049 13053 13039 13007 13024 13011 12920 12911 12968 12929 12836 12897 12984 12945 12887 12887 12906 12965 12951 12893 12885 12908 12933 12972 12994 12968 13061 13044 13096 13120 13200 13252 13240 13235 13256 13300 13299 13247 13173 13133 13113 13121 13022 12980 12917 12870 12904 12937 12922 12936 13023 13039 12989 12998 13061 13113 13209 13317 13369 13272 13079 12979 12928 12881 12885 12860 12827 12786 12794 12909
13444 13395 13323 13263 13159 13032 13016 13107 13120 13114 13079 13079 13060 13020 13001 13021 13026 13023 13032 13061 13014 12953 12945 12966 13025 12979 12932 12960 12905 12946 12997 13000 12985 13028 13031 13069 13132 13159 13134 13183 13211 13242 13275 13173 13151 13077 13090 13122 13087 12975 12933 12904 12811 12823 12886 12877 12897 12988 13031 12995 13005 13059 13150 13245 13295 13260 13124 12988 13014 13014 13018 12965 12946 12946 12869 12856 12959
13473 13415 13362 13283 13213 13112 13075 13079 13129 13180 13178 13097 13074 13028 13042 13078 13150 13172 13134 13129 13143 13102 12950 12920 13002 13053 13052 13035 13028 13051 13083 13090 13055 12998 13005 13044 13035 13012 12997 13132 13199 13223 13081 12955 13064 13107 13111 13119 13047 12924 12857 12827 12738 12735 12787 12774 12793 12875 12965 12962 12971 13013 13149 13198 13217 13146 13039 12983 13037 13062 13038 12967 12970 12974 12995 12977 12968
13409 13354 13384 13319 13267 13192 13150 13125 13259 13252 13208 13147 13108 13047 13032 13062 13155 13126 13155 13148 13146 13163 13062 12981 12988 13060 13037 13055 13135 13160 13197 13209 13183 13123 13056 13042 13007 12949 12944 13056 13130 13066 12988 13017 13081 13140 13121 13091 13040 12933 12879 12776 12640 12586 12664 12721 12752 12827 12840 12872 12878 12964 13114 13178 13179 13141 13011 12964 13011 12979 13021 12984 13015 13063 13113 13089 13030
13394 13363 13307 13254 13247 13230 13200 13256 13318 13233 13108 13122 13125 13107 13140 13171 13179 13166 13182 13184 13200 13213 13178 13077 13042 13079 13081 13115 13180 13201 13230 13243 13219 13184 13121 13075 12991 12939 12995 13048 13084 13041 13016 13081 13083 13094 13070 13053 12999 12949 12925 12735 12643 12574 12567 12568 12648 12770 12798 12834 12858 12969 13056 13136 13148 13153 13063 12998 13010 12954 12951 12915 13004 13090 13050 12988 12974
13352 13278 13206 13183 13211 13219 13247 13288 13287 13232 13143 13166 13211 13224 13241 13282 13307 13276 13209 13184 13276 13280 13182 13140 13135 13167 13210 13234 13285 13263 13296 13290 13244 13227 13156 13150 13105 13104 13120 13112 13104 13125 13135 13184 13153 13139 13128 13111 13074 12975 12859 12759 12709 12666 12548 12491 12560 12721 12819 12877 13015 13101 13107 13085 13083 13154 13095 13032 13084 13091 13031 12974 13035 13058 13029 13068 13083
13166 13058 13047 13095 13139 13203 13246 13288 13291 13263 13236 13219 13262 13284 13288 13312 13292 13248 13192 13150 13253 13273 13263 13259 13257 13277 13245 13270 13321 13315 13346 13270 13222 13209 13200 13152 13101 13068 13122 13142 13084 13087 13067 13134 13164 13202 13188 13154 13110 12981 12823 12781 12746 12637 12513 12471 12536 12671 12817 12943 13088 13174 13095 12966 13023 13113 13049 13013 13096 13148 13131 13122 13145 13151 13140 13164 13099
13026 12918 12920 12940 13015 13175 13214 13244 13328 13363 13360 13314 13290 13335 13306 13277 13234 13202 13224 13205 13244 13326 13338 13316 13328 13355 13341 13309 13308 13339 13346 13264 13162 13122 13179 13156 13039 13033 13092 13048 13032 13096 13053 13071 13123 13178 13204 13166 13040 12909 12797 12780 12695 12509 12457 12476 12523 12634 12765 12983 13097 13130 13036 12969 13010 13028 13017 13021 13099 13112 13182 13226 13220 13236 13202 13160 12992
12984 12930 12877 12883 12957 13081 13125 13163 13298 13355 13355 13256 13256 13371 13313 13215 13163 13142 13183 13135 13134 13273 13347 13347 13329 13299 13257 13228 13191 13240 13264 13259 13242 13204 13191 13196 13171 13081 13002 12957 12996 13055 13027 13039 13072 13141 13139 13073 12975 12848 12768 12723 12566 12408 12395 12468 12532 12694 12761 12862 12915 12991 12952 12903 12939 12953 12965 12937 12935 12991 13125 13205 13193 13176 13126 13041 12898
12838 12818 12761 12813 12804 12894 13016 13115 13213 13290 13184 13145 13174 13293 13261 13165 13110 13099 13032 13003 13024 13147 13252 13275 13271 13227 13204 13186 13104 13043 13096 13175 13231 13255 13289 13245 13191 13138 13101 13054 13082 13079 13096 13134 13083 13122 13059 12991 12906 12817 12786 12586 12500 12414 12413 12509 12658 12751 12714 12643 12787 12902 12833 12791 12792 12771 12725 12697 12688 12804 12889 12930 12959 12945 12959 12916 12785
12643 12683 12668 12622 12651 12708 12815 12930 13047 13099 13044 13063 13098 13118 13115 13065 12978 12987 12990 12924 12942 13010 13058 13079 13124 13113 13096 13075 12982 12947 12968 13038 13146 13180 13309 13305 13240 13229 13210 13161 13100 13063 13068 13078 13102 13091 13030 12993 12921 12832 12705 12548 12533 12540 12526 12583 12698 12723 12656 12625 12728 12744 12718 12687 12615 12581 12597 12676 12693 12679 12714 12756 12805 12811 12797 12726 12622
12562 12578 12559 12525 12556 12606 12712 12830 12877 12913 12943 12921 12932 12972 12910 12886 12822 12839 12867 12823 12846 12844 12836 12865 12930 12914 12892 12970 12900 12849 12864 12962 13019 13047 13162 13179 13178 13191 13184 13181 13103 13073 13056 13030 13069 13007 12987 13022 12948 12811 12631 12554 12557 12512 12517 12587 12610 12603 12640 12662 12672 12666 12678 12632 12591 12602 12633 12623 12622 12590 12610 12618 12655 12724 12728 12666 12645
12525 12493 12463 12469 12508 12546 12620 12698 12748 12765 12820 12832 12855 12847 12773 12712 12676 12749 12769 12762 12828 12802 12818 12808 12802 12796 12737 12758 12791 12781 12782 12857 12843 12852 12892 12958 12999 13040 13022 13005 12995 13006 12994 13012 13002 12975 12999 12968 12836 12756 12665 12524 12461 12414 12458 12558 12573 12587 12623 12629 12608 12577 12555 12554 12597 12598 12590 12568 12572 12526 12510 12503 12562 12608 12641 12618 12632
12477 12474 12497 12497 12529 12548 12553 12595 12636 12667 12697 12701 12707 12699 12686 12631 12641 12672 12631 12677 12743 12703 12673 12700 12701 12735 12699 12661 12697 12696 12688 12704 12709 12701 12700 12762 12786 12761 12774 12801 12797 12883 12992 12951 12898 12902 12892 12826 12774 12737 12628 12521 12495 12460 12456 12529 12495 12565 12645 12601 12587 12576 12554 12514 12469 12492 12471 12469 12500 12493 12497 12466 12498 12474 12522 12512 12513
12428 12454 12490 12519 12574 12570 12520 12545 12601 12623 12621 12604 12632 12679 12680 12593 12615 12635 12614 12632 12621 12636 12662 12668 12684 12697 12676 12632 12623 12584 12577 12622 12656 12645 12601 12631 12662 12655 12622 12638 12657 12690 12791 12780 12736 12776 12783 12752 12723 12675 12597 12580 12597 12516 12525 12582 12559 12606 12635 12630 12654 12649 12634 12626 12535 12515 12433 12392 12447 12453 12474 12509 12518 12525 12509 12556 12606
12496 12492 12505 12551 12609 12546 12493 12500 12568 12625 12599 12574 12578 12585 12598 12552 12548 12568 12575 12600 12583 12585 12574 12546 12583 12632 12636 12587 12587 12552 12527 12557 12544 12569 12600 12599 12597 12594 12548 12560 12591 12597 12655 12655 12645 12661 12610 12596 12582 12572 12611 12642 12670 12624 12643 12656 12621 12642 12662 12670 12677 12730 12762 12688 12621 12612 12576 12554 12547 12494 12471 12565 12616 12556 12517 12567 12608
12549 12530 12554 12589 12597 12521 12454 12477 12522 12540 12527 12509 12502 12486 12492 12471 12486 12526 12519 12502 12509 12469 12444 12442 12466 12507 12517 12496 12525 12487 12476 12487 12492 12508 12536 12543 12529 12528 12510 12517 12574 12546 12556 12528 12492 12509 12508 12551 12548 12508 12529 12571 12600 12596 12593 12608 12600 12593 12590 12611 12629 12640 12627 12579 12581 12596 12600 12583 12510 12491 12515 12555 12546 12503 12480 12505 12516
12513 12554 12577 12546 12500 12500 12462 12455 12508 12517 12520 12512 12468 12412 12407 12387 12434 12466 12450 12426 12451 12448 12433 12466 12464 12486 12474 12469 12460 12440 12474 12521 12534 12524 12509 12520 12542 12583 12552 12517 12512 12471 12450 12437 12407 12407 12458 12475 12476 12477 12498 12525 12528 12521 12547 12568 12580 12585 12537 12579 12604 12546 12516 12515 12571 12558 12548 12578 12509 12512 12527 12515 12509 12493 12463 12514 12496
12556 12570 12589 12525 12482 12516 12526 12563 12576 12562 12555 12533 12507 12490 12510 12502 12483 12482 12386 12405 12429 12432 12405 12404 12396 12453 12442 12420 12422 12434 12465 12511 12521 12527 12520 12488 12460 12435 12461 12490 12453 12431 12421 12410 12384 12397 12454 12487 12498 12534 12520 12519 12490 12452 12535 12550 12532 12529 12522 12557 12543 12486 12443 12474 12520 12488 12470 12485 12473 12488 12497 12407 12407 12427 12431 12504 12506
12463 12491 12519 12474 12454 12467 12491 12544 12563 12539 12545 12559 12508 12495 12548 12570 12555 12520 12472 12458 12410 12420 12411 12402 12360 12384 12399 12383 12425 12411 12380 12455 12500 12449 12444 12432 12408 12439 12486 12471 12423 12438 12446 12423 12449 12453 12459 12473 12475 12525 12489 12507 12486 12514 12548 12565 12513 12520 12556 12538 12505 12408 12435 12418 12426 12464 12452 12458 12416 12439 12480 12424 12431 12414 12401 12413 12428
12267 12331 12332 12280 12286 12363 12373 12389 12382 12427 12498 12536 12522 12530 12550 12555 12563 12521 12484 12429 12372 12344 12306 12292 12314 12384 12414 12449 12484 12449 12412 12460 12493 12479 12472 12446 12427 12464 12488 12499 12446 12423 12448 12448 12460 12455 12467 12455 12501 12516 12489 12493 12484 12494 12486 12571 12548 12530 12548 12511 12481 12463 12543 12557 12527 12503 12447 12393 12402 12458 12459 12468 12485 12454 12402 12346 12362
12323 12326 12349 12347 12370 12333 12267 12256 12263 12320 12429 12499 12527 12579 12586 12552 12582 12566 12513 12412 12338 12275 12217 12248 12307 12403 12423 12474 12459 12458 12483 12399 12368 12403 12424 12446 12471 12492 12470 12464 12424 12405 12428 12411 12434 12426 12456 12422 12407 12468 12502 12457 12459 12495 12516 12562 12552 12427 12326 12325 12344 12459 12549 12495 12424 12387 12374 12386 12382 12380 12369 12383 12437 12399 12340 12327 12344
12423 12433 12369 12329 12331 12327 12302 12236 12245 12297 12351 12439 12495 12504 12541 12497 12486 12475 12385 12250 12277 12229 12168 12172 12271 12377 12365 12373 12330 12333 12415 12311 12277 12287 12377 12443 12456 12434 12423 12429 12407 12421 12430 12440 12416 12389 12380 12381 12411 12455 12471 12431 12430 12492 12495 12492 12470 12303 12268 12293 12291 12358 12430 12403 12339 12324 12345 12369 12340 12333 12324 12350 12373 12381 12348 12330 12384
12486 12514 12473 12447 12432 12439 12404 12371 12366 12341 12356 12382 12415 12441 12478 12469 12439 12424 12296 12263 12232 12196 12184 12203 12239 12315 12328 12311 12298 12297 12306 12285 12274 12320 12394 12436 12445 12443 12427 12398 12428 12449 12423 12390 12342 12333 12358 12387 12440 12437 12451 12427 12415 12462 12408 12311 12295 12224 12259 12310 12324 12346 12288 12280 12321 12345 12395 12395 12380 12396 12429 12450 12431 12404 12424 12394 12399
12415 12454 12481 12464 12445 12459 12444 12396 12425 12479 12477 12479 12412 12416 12508 12496 12467 12397 12355 12394 12304 12264 12302 12320 12318 12361 12387 12349 12316 12312 12307 12299 12295 12344 12408 12423 12408 12408 12400 12394 12442 12433 12408 12386 12361 12335 12357 12356 12372 12329 12380 12400 12390 12388 12340 12291 12301 12338 12351 12429 12459 12489 12433 12418 12409 12390 12481 12500 12496 12486 12523 12481 12451 12424 12463 12473 12452
