data/prepareddata/MRC_a_sl4_VM.asc
ncols        98
nrows        102
xllcorner    553665.498394084047
yllcorner    5112101.329324090853
cellsize     250.000000000000
NODATA_value -9999
[rows 0 to 41 of 102, columns 0 to 93 of 98]
211 211 201 195 195 195 197 202 188 190 190 181 188 195 192 189 188 190 190 186 185 190 190 189 189 182 175 177 183 177 174 182 187 190 193 192 190 193 189 191 182 189 207 208 213 220 213 212 210 211 214 219 228 216 215 197 -9999 -9999 -9999 202 -9999 -9999 204 197 195 198 200 198 189 -9999 -9999 -9999 -9999 -9999 -9999 -9999 -9999 -9999 -9999 -9999 -9999 -9999 -9999 -9999 -9999 187 205 209 210 197 179 185 188 185
216 211 201 198 195 197 199 196 187 190 192 187 190 193 187 195 193 194 192 194 194 193 192 195 196 185 185 181 180 176 172 187 189 191 200 198 193 202 201 196 206 219 221 214 213 228 221 211 212 221 218 219 228 221 202 -9999 -9999 -9999 -9999 189 -9999 -9999 199 194 195 198 -9999 -9999 184 180 -9999 -9999 -9999 -9999 -9999 -9999 -9999 -9999 -9999 -9999 -9999 -9999 -9999 -9999 -9999 188 -9999 212 200 194 179 186 183 179
210 202 197 201 197 199 199 192 179 181 186 191 192 189 181 190 191 192 191 196 194 192 194 198 191 183 186 182 172 175 176 190 189 190 200 201 201 208 212 205 215 224 224 224 226 240 232 213 215 222 224 223 225 220 200 -9999 -9999 -9999 -9999 -9999 -9999 210 199 196 198 197 -9999 -9999 -9999 -9999 -9999 -9999 -9999 -9999 -9999 -9999 -9999 -9999 -9999 -9999 -9999 -9999 -9999 -9999 -9999 198 -9999 210 197 192 186 190 184 185
207 201 204 208 197 191 191 192 185 179 182 190 190 191 183 185 187 190 192 195 194 199 196 193 187 184 182 175 169 171 177 189 187 194 200 200 205 212 215 212 220 232 233 232 239 251 240 211 211 214 217 216 216 212 205 211 -9999 -9999 -9999 -9999 210 -9999 200 207 200 -9999 -9999 -9999 -9999 -9999 -9999 -9999 -9999 -9999 -9999 -9999 -9999 -9999 -9999 -9999 -9999 -9999 -9999 -9999 205 202 -9999 207 200 197 195 188 182 183
207 202 206 209 200 190 191 194 186 179 182 184 182 197 187 182 185 187 191 195 193 193 193 190 188 181 178 175 171 171 178 179 180 197 203 204 -9999 -9999 208 195 203 216 245 240 241 241 232 210 -9999 -9999 207 208 211 210 206 216 223 220 -9999 207 207 203 203 201 180 -9999 -9999 -9999 -9999 -9999 -9999 -9999 -9999 -9999 -9999 -9999 -9999 -9999 -9999 -9999 -9999 -9999 -9999 211 214 -9999 -9999 -9999 200 192 187 183 180 180
199 199 204 206 199 189 187 191 189 178 183 187 190 196 189 185 185 184 184 189 197 198 193 193 191 182 181 182 178 176 182 183 179 197 207 210 -9999 178 -9999 193 197 -9999 -9999 -9999 -9999 -9999 -9999 -9999 -9999 -9999 -9999 204 206 212 214 207 216 223 202 207 202 198 192 187 181 -9999 -9999 -9999 -9999 -9999 -9999 -9999 -9999 -9999 182 164 -9999 -9999 -9999 -9999 -9999 199 201 203 -9999 -9999 -9999 -9999 197 188 189 191 189 197
199 198 200 202 198 188 180 186 192 184 183 192 191 189 184 187 183 181 178 182 189 187 188 196 190 185 185 187 182 178 185 191 184 196 201 207 202 197 194 190 -9999 -9999 -9999 -9999 -9999 -9999 -9999 -9999 -9999 -9999 -9999 -9999 206 212 221 216 215 214 213 208 199 194 193 192 190 189 -9999 -9999 -9999 -9999 -9999 -9999 -9999 -9999 189 -9999 191 -9999 -9999 -9999 -9999 -9999 192 194 -9999 -9999 -9999 -9999 190 190 194 198 199 219
200 200 203 198 196 187 183 184 192 189 185 190 179 181 186 186 184 178 178 176 182 185 192 197 194 190 192 191 187 181 187 193 185 198 196 201 202 200 205 -9999 -9999 -9999 -9999 -9999 -9999 -9999 -9999 -9999 -9999 -9999 -9999 -9999 -9999 -9999 223 220 212 209 212 208 201 202 208 200 -9999 195 -9999 -9999 -9999 -9999 -9999 189 186 179 -9999 -9999 -9999 -9999 -9999 -9999 -9999 -9999 194 -9999 -9999 -9999 -9999 188 191 199 214 207 209 218
205 202 204 201 195 189 190 185 197 196 190 187 172 178 190 185 186 178 181 173 182 189 194 199 199 197 195 193 193 187 188 192 188 198 198 200 199 -9999 -9999 -9999 -9999 -9999 -9999 -9999 -9999 -9999 -9999 -9999 -9999 -9999 -9999 -9999 -9999 -9999 -9999 219 210 207 209 209 -9999 -9999 -9999 -9999 -9999 198 197 195 198 175 -9999 180 -9999 -9999 -9999 -9999 -9999 -9999 -9999 -9999 -9999 -9999 -9999 -9999 -9999 -9999 -9999 182 187 202 212 208 214 215
204 199 206 203 197 194 187 186 193 197 192 184 171 178 185 184 183 183 185 183 190 193 185 195 201 199 197 197 198 193 191 192 193 200 205 202 199 195 191 197 -9999 -9999 -9999 -9999 -9999 -9999 -9999 -9999 -9999 -9999 -9999 -9999 -9999 -9999 -9999 -9999 204 195 201 -9999 -9999 -9999 -9999 -9999 -9999 203 206 209 206 190 190 188 187 -9999 -9999 -9999 -9999 -9999 -9999 -9999 -9999 -9999 -9999 -9999 -9999 -9999 -9999 173 175 187 201 204 208 209
199 200 200 196 197 200 198 190 184 192 195 190 183 188 188 186 185 184 186 190 195 194 189 198 202 202 201 199 196 193 194 200 208 210 204 205 198 202 195 198 -9999 -9999 -9999 -9999 203 -9999 -9999 -9999 -9999 -9999 -9999 -9999 -9999 -9999 -9999 -9999 -9999 185 -9999 -9999 -9999 -9999 -9999 -9999 209 205 -9999 213 212 209 209 -9999 188 -9999 190 -9999 -9999 -9999 -9999 -9999 -9999 -9999 -9999 -9999 -9999 -9999 -9999 -9999 173 -9999 201 198 196 203
201 202 202 200 198 201 202 194 189 194 196 191 187 190 194 193 190 184 186 192 194 192 195 201 201 203 204 203 200 198 197 194 209 212 202 -9999 204 208 198 -9999 190 -9999 -9999 209 205 -9999 209 -9999 -9999 216 212 190 -9999 -9999 -9999 215 199 -9999 -9999 -9999 -9999 -9999 -9999 -9999 207 206 204 -9999 -9999 214 210 203 199 -9999 -9999 -9999 -9999 -9999 -9999 -9999 -9999 -9999 -9999 160 165 -9999 -9999 -9999 -9999 -9999 -9999 -9999 190 205
199 202 203 199 204 207 205 194 194 195 198 196 192 190 198 197 199 194 195 191 191 195 198 196 198 201 206 203 205 203 204 194 206 207 203 179 -9999 -9999 -9999 -9999 199 192 -9999 213 209 210 206 213 214 212 209 204 206 -9999 203 213 209 202 -9999 212 -9999 -9999 -9999 202 -9999 -9999 -9999 199 192 -9999 210 207 207 -9999 -9999 -9999 -9999 -9999 186 -9999 -9999 -9999 -9999 -9999 168 -9999 -9999 -9999 -9999 -9999 -9999 191 194 199
199 203 210 201 210 212 212 199 200 195 197 198 196 191 197 197 197 198 204 201 198 199 205 199 198 202 206 205 205 205 206 199 202 198 198 -9999 -9999 -9999 -9999 186 -9999 201 207 211 212 207 196 -9999 215 212 207 207 207 203 205 205 196 190 199 202 205 -9999 -9999 205 198 -9999 214 205 192 -9999 -9999 211 -9999 -9999 -9999 222 223 209 198 192 -9999 -9999 -9999 -9999 185 182 175 -9999 -9999 -9999 -9999 192 192 190
203 207 212 209 211 215 214 205 202 198 199 199 201 198 198 204 205 203 210 212 205 206 204 197 198 199 201 208 209 206 208 205 203 204 205 208 193 173 -9999 -9999 -9999 -9999 -9999 205 210 -9999 -9999 -9999 -9999 213 210 218 206 205 205 201 196 190 191 193 199 207 211 212 204 -9999 211 202 -9999 -9999 -9999 -9999 -9999 -9999 -9999 217 215 203 198 195 190 192 -9999 -9999 198 192 190 -9999 -9999 -9999 -9999 -9999 186 184
207 208 211 217 210 211 210 207 199 199 199 202 206 197 198 208 212 215 219 219 214 212 204 195 196 199 202 206 202 208 211 207 208 209 206 205 206 191 194 190 -9999 -9999 -9999 -9999 -9999 -9999 -9999 -9999 -9999 -9999 -9999 -9999 207 207 202 204 204 198 195 197 200 206 209 211 210 210 212 200 -9999 -9999 -9999 -9999 -9999 -9999 -9999 213 211 204 196 194 195 190 183 -9999 -9999 202 196 195 -9999 189 198 193 187 185
207 208 207 211 209 208 208 204 200 200 200 204 208 197 195 208 213 215 219 221 219 212 205 195 -9999 -9999 207 205 201 214 213 211 208 206 203 199 -9999 203 199 195 192 -9999 -9999 -9999 -9999 -9999 -9999 -9999 -9999 -9999 211 209 204 202 203 204 201 207 210 207 204 203 208 208 209 206 194 188 183 -9999 -9999 -9999 -9999 -9999 186 192 204 201 196 192 190 191 199 -9999 207 203 199 198 193 192 195 196 190 186
208 213 213 212 209 207 202 199 202 201 198 198 202 192 189 202 208 209 213 217 217 -9999 204 196 194 197 199 207 208 218 219 218 205 199 197 199 206 206 202 195 179 -9999 -9999 -9999 -9999 -9999 -9999 -9999 211 205 204 205 203 199 200 202 203 209 211 204 197 202 205 204 205 203 194 194 -9999 -9999 -9999 -9999 -9999 -9999 192 194 204 201 201 195 196 202 203 -9999 207 208 206 205 203 200 199 196 192 184
210 214 214 204 205 206 198 196 196 196 200 197 196 190 192 196 198 202 205 211 209 -9999 -9999 208 206 197 193 200 206 214 -9999 -9999 197 188 186 186 184 185 191 189 182 -9999 -9999 -9999 -9999 -9999 -9999 -9999 -9999 207 205 205 193 184 190 198 199 204 204 199 196 205 201 196 200 202 198 194 -9999 -9999 181 -9999 187 -9999 196 197 199 205 206 198 204 209 198 -9999 207 205 203 200 199 199 200 201 194 182
207 208 209 202 202 206 199 198 197 190 200 194 187 190 196 196 194 197 192 197 207 -9999 -9999 -9999 208 196 189 -9999 -9999 189 -9999 -9999 -9999 177 180 185 187 185 179 178 184 184 173 -9999 -9999 -9999 -9999 -9999 -9999 212 209 201 185 187 193 198 203 198 195 197 195 193 189 191 197 199 203 195 187 -9999 -9999 -9999 185 189 191 189 189 199 200 199 206 -9999 -9999 212 204 199 198 198 198 197 199 195 184 182
204 200 203 202 208 209 197 188 195 191 196 192 184 188 196 196 198 191 184 192 200 199 -9999 -9999 -9999 -9999 -9999 -9999 -9999 178 180 177 188 193 194 196 195 188 182 178 182 184 178 162 -9999 168 -9999 -9999 204 203 206 198 189 188 193 194 197 193 192 193 196 196 195 200 206 202 203 200 193 192 -9999 -9999 205 193 187 186 189 195 197 199 202 208 210 205 203 206 207 203 200 200 197 186 181 184
204 199 201 202 208 210 201 194 194 195 198 196 187 190 191 190 195 198 195 193 191 -9999 -9999 -9999 -9999 165 -9999 171 176 181 179 181 186 191 194 196 195 191 181 179 179 178 174 171 168 171 -9999 -9999 193 193 -9999 190 190 192 189 192 194 194 194 197 198 202 207 212 213 208 203 200 195 191 -9999 191 194 -9999 181 184 189 191 192 193 198 195 191 195 199 204 206 204 201 197 193 186 180 186
203 199 202 202 207 210 202 199 198 198 202 208 200 192 185 180 183 189 195 196 190 -9999 -9999 -9999 -9999 175 174 174 178 181 182 184 184 186 189 191 189 187 185 181 178 174 176 180 179 176 175 177 180 181 179 190 195 191 189 193 194 197 202 203 199 202 210 214 208 202 199 196 190 199 200 197 191 180 178 182 186 184 181 184 189 188 188 189 189 193 203 201 191 189 189 186 182 188
201 197 203 205 207 205 201 201 201 200 202 209 201 192 184 174 173 178 183 187 188 194 202 182 -9999 184 184 181 180 182 182 183 187 186 185 187 190 189 186 181 176 174 177 181 183 182 179 181 183 179 183 189 188 187 187 191 195 198 204 208 202 198 201 199 193 188 189 190 180 196 192 191 190 186 183 182 183 182 180 182 180 179 185 186 188 188 199 196 189 185 186 188 185 184
196 197 207 210 208 203 201 202 207 203 201 205 198 189 184 177 173 174 179 182 184 187 190 186 -9999 186 188 183 178 179 180 180 178 177 178 180 183 181 175 175 176 176 177 178 182 185 183 184 185 189 195 200 197 199 190 187 194 197 203 205 203 201 199 191 189 192 193 188 179 185 184 186 189 192 192 192 188 187 183 184 186 186 189 191 190 190 192 191 188 186 187 187 185 186
201 -9999 210 216 218 212 205 206 200 197 203 207 196 180 178 180 179 174 173 173 175 182 186 184 181 182 182 181 177 175 178 177 173 171 175 177 180 182 178 180 180 177 177 178 177 183 183 183 183 188 194 207 207 203 197 187 192 194 200 200 198 196 188 188 194 197 192 183 176 177 185 192 196 193 195 195 188 184 183 185 186 185 187 189 192 192 192 191 192 189 192 193 195 197
209 -9999 213 220 222 218 211 204 202 207 210 208 196 185 180 181 182 179 178 173 170 177 179 178 176 174 172 175 173 173 176 177 179 180 185 185 182 189 191 185 179 180 177 175 176 179 183 186 183 185 186 199 206 197 197 194 196 196 198 196 193 190 186 189 191 193 189 183 181 181 189 195 188 183 189 183 181 183 181 185 189 185 185 189 194 197 190 189 191 187 192 193 201 201
213 -9999 -9999 232 228 218 212 203 205 214 217 211 204 190 176 179 182 185 181 175 172 173 178 177 174 172 172 174 175 176 179 184 188 193 194 200 196 197 199 191 184 190 188 181 177 175 176 187 191 187 186 190 191 190 196 202 200 199 196 193 189 185 190 191 191 191 188 187 186 186 194 197 191 184 185 178 178 180 185 190 196 193 198 196 198 196 193 191 200 201 202 199 207 208
217 -9999 201 229 222 213 214 205 208 210 209 210 204 195 187 184 186 185 180 174 169 170 171 171 170 168 164 179 187 190 192 195 195 195 199 212 214 205 200 199 198 202 200 200 190 176 174 187 197 195 192 191 183 181 192 201 201 198 194 190 186 189 194 198 193 184 182 186 188 186 193 201 197 183 184 180 180 182 191 194 196 197 202 200 200 195 192 190 192 205 213 209 208 211
200 -9999 196 217 218 214 217 211 203 197 197 204 202 206 208 198 193 187 180 173 169 172 170 170 166 167 170 181 195 201 202 207 206 206 211 219 218 208 205 205 208 207 210 209 200 186 179 181 188 196 195 193 188 185 189 198 198 192 189 185 181 186 190 188 184 178 176 182 186 185 185 184 181 180 181 183 181 183 -9999 195 195 196 197 197 198 199 193 187 181 191 209 224 222 215
200 -9999 203 207 207 211 211 203 207 200 196 201 199 204 210 204 196 192 187 182 180 180 179 182 184 181 185 191 199 198 199 208 215 214 219 222 221 221 217 223 225 204 211 213 207 199 183 180 186 194 198 193 196 187 179 191 193 193 191 186 178 179 180 177 176 175 178 183 190 194 185 177 174 177 177 182 185 -9999 -9999 201 200 194 191 190 194 198 196 194 188 187 191 210 222 214
219 -9999 205 203 199 208 208 201 208 206 195 196 202 202 202 203 196 193 189 188 189 191 197 199 200 190 193 196 187 186 188 193 198 209 221 222 223 228 230 232 232 213 212 212 209 207 192 182 185 190 197 193 196 194 187 186 187 190 189 183 179 176 173 173 168 168 174 180 185 188 186 178 173 170 172 178 -9999 -9999 -9999 -9999 211 206 198 192 195 197 195 193 197 198 187 193 208 213
-9999 -9999 -9999 217 222 223 213 209 209 217 203 196 200 202 198 198 199 201 193 190 195 201 211 210 204 193 193 198 191 188 191 192 193 202 203 208 217 224 223 218 218 215 212 211 203 202 195 186 187 189 186 186 189 190 190 187 185 185 186 187 186 179 176 179 167 165 169 172 179 177 181 180 170 164 172 178 188 -9999 204 211 213 215 212 203 201 197 192 189 188 192 192 195 201 196
228 -9999 -9999 213 220 219 213 -9999 211 216 208 196 196 202 201 202 205 209 201 192 191 198 212 219 209 201 194 201 202 197 202 203 200 201 196 198 207 203 197 201 208 210 209 210 207 200 195 194 194 188 180 175 176 183 182 180 179 177 177 182 187 183 173 175 171 169 173 173 171 171 176 175 168 170 175 183 191 203 201 207 214 215 214 210 207 201 191 188 188 189 186 188 192 189
231 -9999 -9999 221 224 207 -9999 207 207 215 -9999 191 193 200 196 202 206 212 204 193 192 197 210 220 216 211 202 203 207 206 207 207 205 203 197 198 204 209 206 207 206 203 197 194 194 197 197 197 196 189 187 175 167 172 174 170 165 166 171 179 186 189 189 182 174 171 178 174 169 171 171 168 168 171 179 184 192 196 195 202 206 205 213 212 208 201 194 192 192 191 185 180 180 184
-9999 -9999 216 213 220 222 -9999 204 208 208 200 191 189 193 194 201 209 212 206 193 192 204 219 228 227 222 216 213 212 212 214 214 215 215 211 203 200 205 205 206 199 197 189 184 181 191 199 202 205 200 195 189 172 174 176 170 163 166 169 176 184 191 198 191 180 178 182 177 175 179 178 176 180 185 188 185 188 189 188 195 199 195 201 205 201 198 194 193 196 194 189 184 183 187
-9999 -9999 225 222 214 215 215 215 211 198 194 190 185 189 191 197 206 203 198 200 204 213 225 234 235 227 223 215 208 214 218 216 218 222 221 218 210 207 204 195 192 191 184 178 179 192 199 202 212 209 200 198 190 191 189 179 170 172 172 178 184 189 193 192 192 192 186 185 190 196 194 188 188 193 190 187 188 185 182 193 203 199 195 197 200 199 197 191 193 196 193 191 189 189
-9999 -9999 -9999 226 225 213 215 221 219 209 196 186 185 190 192 200 205 202 199 207 213 217 224 236 231 223 222 213 208 211 211 212 213 209 208 221 219 206 199 196 192 186 177 172 177 187 193 197 200 203 206 206 205 201 191 185 180 179 177 179 185 190 196 201 203 201 194 199 203 208 206 197 195 192 190 192 188 187 190 198 196 194 191 198 195 193 194 191 189 194 192 194 192 191
-9999 -9999 212 219 -9999 -9999 215 222 225 211 189 184 189 190 196 205 209 209 203 210 214 214 220 231 229 225 220 207 203 200 208 211 210 200 195 207 213 207 205 200 194 188 180 177 175 176 184 190 200 205 204 205 206 202 195 192 185 179 180 188 191 192 199 204 205 206 203 204 205 216 214 206 201 194 193 193 185 185 190 192 182 188 191 189 195 194 193 194 192 194 192 194 193 197
-9999 -9999 213 210 -9999 -9999 208 215 216 205 194 192 201 195 196 199 214 223 213 211 212 211 212 221 227 222 215 205 200 202 205 211 212 202 194 198 207 210 209 201 193 193 187 179 176 185 192 194 203 205 203 199 199 202 200 199 188 180 185 192 193 195 193 194 199 207 206 205 207 211 211 202 203 201 193 189 188 185 186 180 178 182 180 182 190 201 205 207 210 205 203 203 203 204
-9999 -9999 -9999 209 -9999 -9999 204 208 205 198 200 200 208 200 199 201 219 232 235 228 216 211 211 215 219 216 212 207 205 202 202 213 215 207 199 195 207 213 206 199 192 195 192 186 180 193 202 204 205 207 207 201 194 194 194 193 190 184 184 191 190 196 193 191 194 207 208 209 211 212 207 201 200 199 194 194 198 194 185 178 178 179 177 182 191 202 209 210 213 213 210 206 211 203
-9999 -9999 195 -9999 210 212 205 205 199 198 203 201 203 202 199 204 215 228 235 229 215 212 212 212 211 207 208 208 212 212 212 223 225 221 209 201 207 216 207 201 193 192 195 198 190 191 200 205 204 203 203 202 194 192 191 187 186 182 180 184 187 190 191 195 199 202 205 207 209 209 205 205 199 190 189 197 199 198 190 183 181 180 180 186 194 202 209 211 211 214 203 197 203 207
