data/prepareddata/MRC_a_sl4_VM.asc
ncols        98
nrows        102
xllcorner    553665.498394084047
yllcorner    5112101.329324090853
cellsize     250.000000000000
NODATA_value -9999
[rows 42 to 83 of 102, columns 0 to 93 of 98]
211 -9999 -9999 -9999 -9999 -9999 -9999 207 204 197 198 200 199 205 210 213 224 231 236 225 213 214 213 210 209 203 205 207 207 217 221 230 224 214 208 207 203 212 209 202 196 193 198 202 197 194 194 191 191 195 200 202 195 192 191 189 183 182 186 185 187 190 194 198 199 198 197 200 201 205 204 198 198 195 193 197 194 195 192 186 186 185 187 193 197 208 208 213 214 219 214 210 200 202
201 212 210 206 210 -9999 194 210 213 208 207 207 211 217 223 228 237 235 228 226 212 212 209 206 206 205 207 209 208 221 229 234 229 218 208 204 202 203 205 203 200 196 201 200 184 182 184 182 184 189 198 203 200 197 199 197 190 185 187 190 188 193 200 202 198 195 196 197 198 202 200 192 196 201 201 200 194 190 190 187 190 190 192 196 200 209 216 218 221 223 224 220 213 203
202 201 207 201 202 201 201 210 218 219 227 225 231 234 234 243 249 251 240 234 221 216 214 211 208 207 210 212 217 220 219 231 236 226 210 202 200 200 201 199 200 195 198 195 177 175 177 180 188 191 200 200 197 198 202 196 193 187 185 185 181 187 193 198 208 200 198 195 194 195 199 203 203 201 204 199 189 187 189 192 195 195 196 199 203 211 221 220 212 212 219 220 223 225
191 192 197 190 195 201 202 204 220 233 242 244 245 240 241 252 256 253 248 240 228 222 220 217 214 212 219 225 226 219 212 228 239 228 211 200 200 197 192 195 205 197 199 199 178 172 178 179 187 197 205 202 200 206 205 201 199 191 186 194 187 185 192 200 205 200 195 196 191 195 200 209 214 215 216 203 188 187 190 190 191 195 201 205 214 222 216 204 194 -9999 -9999 209 207 225
191 189 190 188 196 202 206 206 222 229 238 253 251 239 239 245 -9999 -9999 251 238 229 227 221 218 219 223 230 232 230 216 211 222 228 222 208 200 208 203 193 194 201 200 198 196 178 175 180 179 185 196 206 206 200 207 206 204 204 204 202 203 197 190 195 199 197 197 196 198 194 195 201 209 218 222 217 202 191 187 184 184 193 204 209 210 220 213 204 -9999 -9999 -9999 -9999 -9999 194 200
188 185 187 196 202 206 208 210 215 221 230 243 249 237 234 -9999 -9999 -9999 251 231 227 224 222 219 228 235 232 229 225 215 208 208 210 207 205 210 216 213 196 195 194 192 191 189 180 180 177 170 173 181 187 193 193 198 201 201 200 201 201 199 191 183 182 186 188 192 196 198 195 196 201 211 217 223 218 203 194 187 186 190 202 212 211 214 215 202 193 -9999 -9999 -9999 -9999 -9999 197 191
187 188 191 200 202 200 202 204 209 213 219 218 -9999 -9999 -9999 -9999 -9999 -9999 219 204 212 211 219 226 231 234 231 230 225 218 215 210 206 203 208 213 209 205 199 199 192 189 186 180 180 181 173 161 162 169 172 174 175 177 182 188 190 194 196 191 184 173 169 179 186 195 198 198 195 193 199 209 217 220 217 206 203 190 196 197 206 212 213 213 204 197 188 -9999 190 183 181 187 192 187
185 189 191 193 194 196 196 197 201 208 213 -9999 -9999 -9999 -9999 -9999 -9999 -9999 174 -9999 -9999 208 211 225 231 238 240 232 224 214 209 210 206 207 205 200 197 191 192 192 193 194 187 186 189 185 168 155 152 157 157 158 158 159 165 178 189 198 205 194 177 167 166 173 185 195 201 202 203 191 196 201 207 205 208 205 209 205 206 209 213 210 212 214 203 192 184 184 186 187 181 178 179 178
180 181 180 184 190 187 193 196 195 202 217 229 -9999 198 -9999 -9999 -9999 -9999 175 -9999 -9999 202 204 211 215 220 226 224 211 205 208 205 208 210 199 187 186 186 186 186 199 208 191 190 192 179 165 155 147 150 148 145 146 151 158 170 188 196 193 185 170 167 166 173 181 184 196 200 196 190 196 198 195 193 197 207 217 225 221 210 203 200 200 198 196 191 184 183 187 184 172 171 172 173
177 175 178 185 192 193 195 196 198 204 216 214 -9999 190 -9999 201 204 196 188 -9999 -9999 -9999 -9999 197 200 203 217 217 204 202 210 208 209 206 197 190 189 190 186 193 208 216 199 201 195 182 169 159 144 138 136 139 138 141 153 162 177 181 170 163 160 160 161 170 177 181 190 193 193 200 202 196 193 197 208 218 222 223 213 200 190 189 189 192 194 188 179 178 174 173 175 179 177 170
182 180 180 187 191 195 199 202 204 205 208 202 196 192 189 196 194 192 192 -9999 -9999 -9999 -9999 188 190 197 209 205 204 202 211 216 209 204 189 186 186 197 195 199 202 206 203 203 200 179 168 163 151 140 138 139 134 136 148 155 159 162 163 162 158 157 161 170 179 185 192 198 205 209 203 201 201 204 212 214 210 199 193 189 184 188 186 187 187 186 172 175 178 180 184 183 185 181
195 193 186 179 184 195 204 210 210 208 205 208 198 187 -9999 196 191 188 185 172 -9999 -9999 188 184 182 195 190 194 203 199 211 220 207 204 193 191 187 198 205 208 210 210 205 201 194 180 172 162 152 146 144 142 139 146 155 162 155 157 166 166 159 163 170 176 182 192 202 208 207 206 203 207 207 205 202 200 192 190 187 186 188 190 192 188 184 186 177 175 182 184 189 187 188 188
210 209 192 184 188 204 208 209 211 209 204 206 204 199 208 206 193 188 182 173 172 181 189 186 180 189 190 196 203 195 200 198 191 190 187 186 195 204 209 212 212 211 208 205 197 184 171 159 148 146 151 153 151 152 157 164 160 169 179 179 170 174 180 185 189 201 211 221 218 215 208 210 206 194 186 185 187 190 187 187 188 187 193 190 189 190 186 184 188 189 190 191 193 193
226 215 198 199 196 205 209 210 209 213 198 -9999 205 205 211 210 201 202 194 187 178 -9999 -9999 195 194 198 200 201 202 194 192 186 180 181 184 188 197 210 212 211 217 214 213 209 194 174 160 158 149 163 170 167 160 156 157 159 166 178 182 181 174 181 184 189 194 199 212 227 223 214 205 203 200 189 182 181 183 185 186 188 193 191 192 194 196 196 193 199 203 198 196 193 196 203
227 211 206 204 198 216 223 220 212 216 212 206 203 -9999 -9999 209 205 205 205 201 201 204 194 189 189 195 204 202 195 185 182 181 180 180 183 191 200 211 212 213 214 214 215 204 189 171 161 161 152 167 179 174 166 162 168 166 165 172 174 178 182 190 189 190 203 207 218 222 213 203 194 189 188 185 182 177 178 180 180 185 192 198 199 200 200 202 200 207 212 207 206 205 201 209
211 215 215 210 211 223 228 221 212 217 217 206 201 206 -9999 -9999 201 200 204 205 206 201 190 188 194 196 200 199 188 177 179 185 186 186 188 195 205 212 210 213 206 216 218 203 192 186 172 163 162 173 177 170 171 173 172 173 175 175 178 183 188 195 197 200 208 211 211 206 197 192 186 184 182 177 177 175 174 177 181 186 198 205 205 201 206 205 203 206 208 206 212 217 207 203
219 225 223 215 212 220 216 206 197 213 216 211 203 203 195 199 202 204 200 202 198 197 196 195 200 199 194 198 191 189 195 203 204 202 207 202 204 208 211 211 205 217 222 206 193 191 175 166 170 177 179 176 175 178 184 187 182 180 183 188 198 201 206 214 215 209 201 185 176 177 172 173 179 177 179 183 177 180 188 195 205 204 207 208 213 195 202 203 200 207 210 216 212 206
228 227 226 217 215 211 206 195 189 205 211 216 209 202 196 197 204 205 201 201 193 197 199 198 201 201 204 200 202 207 210 216 219 216 215 207 204 205 209 210 211 219 220 208 193 186 177 172 169 172 178 177 179 186 184 184 188 189 198 200 205 210 210 213 207 189 182 172 170 169 171 171 176 178 181 185 179 185 188 190 199 199 206 211 206 191 198 207 201 202 205 212 212 206
217 214 222 217 213 205 205 191 192 204 211 214 209 200 201 200 203 204 202 201 196 193 192 192 196 202 205 200 208 221 225 221 216 215 210 206 208 209 213 209 212 222 218 208 198 189 181 174 167 169 173 173 187 196 189 194 196 195 201 211 213 214 205 198 181 175 177 174 171 171 177 183 186 185 187 185 180 189 193 192 191 192 202 208 200 194 206 212 207 204 197 198 204 203
200 193 206 208 204 209 208 194 192 200 208 211 205 200 206 208 201 201 197 191 187 186 190 195 201 202 204 196 205 212 215 211 211 208 205 209 218 216 216 213 218 217 214 204 194 189 181 175 173 167 168 170 184 193 187 192 199 202 204 217 214 207 196 184 181 180 184 191 189 188 190 196 198 197 198 195 192 196 198 196 192 194 201 203 201 202 212 205 199 195 187 189 197 200
187 186 198 201 199 198 193 191 194 199 207 211 200 199 203 195 191 191 183 185 189 190 194 195 189 187 192 196 205 196 199 201 207 205 201 208 215 210 208 213 214 208 201 196 186 186 175 173 176 170 172 171 181 195 199 200 207 214 214 210 201 195 183 177 183 189 200 207 203 198 195 197 198 198 203 208 209 207 205 200 198 198 202 196 194 206 206 196 190 186 183 186 198 202
182 191 199 198 198 196 193 194 201 204 207 213 198 196 193 185 179 178 177 180 181 185 188 189 181 184 187 195 197 191 191 192 201 202 197 205 213 205 200 197 203 198 187 184 178 178 175 172 175 171 164 166 182 196 202 207 212 215 215 202 192 184 173 178 188 199 206 208 206 203 195 196 198 199 203 213 221 215 217 212 205 203 203 204 202 202 192 187 186 185 185 188 198 197
197 198 196 199 200 197 195 198 203 208 207 212 204 194 194 188 181 181 182 184 183 186 189 187 184 179 184 193 194 191 189 190 199 197 195 204 202 196 197 194 194 185 177 179 180 178 174 172 175 170 163 166 177 194 210 207 207 213 216 208 199 190 180 176 191 200 206 209 211 207 201 202 203 203 211 222 216 212 215 209 205 203 200 201 201 194 187 181 180 181 183 177 184 192
206 206 202 203 202 200 201 203 206 202 205 210 200 192 200 190 186 192 192 198 194 188 189 189 188 185 186 188 190 193 198 203 203 195 195 209 208 199 195 192 192 189 179 179 182 176 174 172 175 170 164 164 173 189 207 204 206 210 217 215 212 213 206 189 195 204 209 207 207 208 209 205 201 205 211 212 207 205 206 204 203 196 194 195 193 194 189 183 179 180 183 180 178 179
204 201 196 201 200 199 200 206 214 203 208 209 194 191 194 194 194 196 199 201 197 192 193 193 194 195 193 190 192 202 207 208 202 203 207 218 209 197 194 193 195 195 180 173 174 176 177 178 178 171 162 156 171 182 192 195 200 203 213 215 212 211 207 205 211 214 209 209 203 204 204 201 202 210 215 210 205 201 197 200 200 188 187 192 192 191 185 184 183 178 179 181 180 177
194 194 190 192 194 199 207 219 216 205 205 197 186 191 194 196 198 196 197 197 201 197 202 205 207 210 209 207 207 215 214 215 217 213 210 209 208 202 196 193 193 187 176 174 173 176 185 185 180 174 165 159 171 181 187 191 196 200 206 209 211 205 200 208 214 213 211 213 209 202 197 200 206 212 216 214 206 198 189 188 184 180 184 185 187 191 188 187 185 186 183 188 184 181
188 187 188 192 200 209 213 216 211 201 196 186 181 189 196 194 193 198 194 196 207 206 210 215 216 219 218 221 222 224 220 223 222 218 211 200 198 198 197 189 187 185 177 181 186 187 185 184 185 185 173 161 166 177 185 191 195 197 198 199 197 187 187 196 205 210 213 216 215 206 201 203 205 210 216 206 197 193 188 186 182 183 185 183 181 182 185 188 183 181 181 184 185 192
194 194 198 208 211 211 214 211 206 202 192 191 192 193 191 191 190 193 195 200 211 214 213 215 217 222 227 225 224 224 225 224 216 216 210 210 213 209 196 186 182 180 178 181 183 183 183 181 183 187 177 166 166 175 184 185 189 191 195 188 184 179 180 189 200 207 211 217 213 206 202 204 204 204 208 193 193 187 189 189 184 185 188 187 185 179 180 182 181 178 177 178 186 199
204 206 212 221 213 208 210 205 204 205 203 208 206 199 193 190 187 191 193 202 210 210 208 210 210 211 218 215 218 221 224 219 213 213 209 211 217 206 193 188 183 177 181 179 177 183 184 181 180 181 173 169 170 178 187 188 189 190 189 179 176 173 183 191 195 198 207 207 204 200 200 199 196 198 201 194 190 185 185 184 181 181 183 186 188 188 184 179 183 184 179 175 182 193
219 219 215 215 202 195 193 195 196 196 201 204 195 189 193 196 193 193 191 195 200 201 200 200 202 203 202 206 214 217 218 216 216 216 213 215 214 205 198 193 194 183 179 179 183 187 180 179 183 178 171 170 167 172 184 189 183 186 179 174 179 176 174 185 191 194 201 201 198 192 187 180 181 190 189 185 180 182 185 184 181 179 181 183 183 185 185 183 183 181 176 171 173 183
231 217 203 197 192 189 185 189 192 190 192 191 189 185 187 193 194 194 192 187 188 193 202 205 197 195 194 200 211 210 205 206 210 213 211 213 213 213 205 200 201 200 193 194 191 193 181 180 180 176 172 174 171 170 176 181 179 179 181 184 189 181 182 186 190 198 201 201 197 190 184 179 182 183 182 177 176 179 180 181 179 178 178 179 182 178 181 178 178 177 174 178 181 181
227 217 207 197 193 196 191 190 191 186 186 188 189 182 183 187 188 189 191 183 181 179 192 204 197 192 190 196 205 208 204 204 206 212 208 206 199 203 208 211 210 216 216 211 196 194 185 180 177 173 172 181 178 171 173 177 179 176 180 189 192 185 180 182 189 199 198 202 197 187 182 182 189 184 181 176 171 171 170 176 178 180 176 174 175 171 176 173 171 171 175 175 183 184
221 218 213 201 197 200 193 189 184 179 179 183 182 175 180 177 175 182 183 180 177 178 176 184 190 191 189 191 195 203 207 202 200 209 209 207 203 205 205 210 217 210 207 212 200 188 183 181 178 174 173 181 183 174 173 176 178 180 178 183 183 177 181 180 187 199 193 197 194 181 182 182 181 182 177 177 177 173 172 173 181 180 180 172 166 170 169 168 167 163 161 170 182 191
216 214 208 201 199 198 191 181 179 175 172 175 176 172 175 170 172 171 171 172 169 165 166 174 179 184 181 180 180 184 193 197 202 206 209 207 205 207 203 203 207 197 197 212 207 191 184 181 180 178 176 176 181 179 171 175 179 181 177 179 185 183 191 185 191 201 194 186 188 180 177 178 175 176 178 178 174 173 175 176 178 170 174 173 171 171 164 162 164 162 165 173 182 200
216 213 210 201 195 189 186 179 177 176 173 175 177 175 173 172 172 169 169 171 168 161 161 168 177 182 176 172 172 172 175 183 190 195 194 197 200 198 202 201 205 200 200 211 203 188 182 179 186 181 179 170 173 176 170 171 178 181 180 180 183 190 197 193 199 203 197 193 189 179 173 170 169 169 168 168 169 172 171 173 171 171 177 178 181 180 175 169 166 168 171 175 189 202
221 217 210 206 199 188 183 181 181 183 181 181 181 175 173 179 175 166 171 176 170 162 163 168 176 179 172 169 167 168 170 170 171 182 182 185 193 198 201 201 202 200 207 206 193 188 185 183 187 184 181 175 173 173 172 172 177 184 184 182 186 195 197 201 205 210 203 191 186 179 174 174 167 166 165 166 175 178 178 184 189 188 194 192 192 194 194 184 181 184 183 195 198 194
227 223 215 211 203 191 188 194 191 189 187 190 185 179 178 182 183 187 186 184 179 171 174 177 179 180 179 177 166 168 171 170 172 176 180 183 189 194 195 201 202 203 198 189 182 182 187 185 184 178 175 176 166 165 169 169 173 182 186 182 186 190 190 202 204 200 191 184 189 192 189 181 177 178 176 177 183 193 195 196 201 199 214 210 208 211 216 203 200 198 198 202 191 183
226 224 217 212 204 197 193 193 195 195 192 189 183 179 184 188 192 199 200 196 194 189 178 177 181 186 181 175 178 181 185 183 180 173 176 181 184 185 184 196 202 200 185 176 184 189 190 193 186 174 172 169 158 159 160 159 161 171 182 178 180 181 192 202 197 193 185 179 189 200 192 185 185 188 191 188 191 195 200 201 199 203 213 215 215 211 212 212 205 206 206 207 189 178
221 216 217 214 212 205 203 205 209 205 199 193 190 192 192 193 201 200 204 204 200 197 188 186 185 190 181 180 191 194 198 200 198 189 181 181 181 183 183 191 195 185 179 185 192 192 191 192 187 180 177 166 154 149 150 154 160 168 171 169 169 175 190 198 192 193 188 181 185 190 191 186 189 197 203 201 199 198 200 201 199 202 207 212 213 210 208 207 202 205 210 202 185 179
222 216 210 204 208 207 204 208 211 207 197 197 200 201 203 206 205 205 207 207 210 209 205 198 196 196 187 187 198 201 204 207 207 198 188 188 189 183 187 190 187 181 180 185 188 188 187 187 181 183 182 165 155 143 143 142 149 162 167 166 165 174 182 192 194 200 196 184 184 186 189 183 188 200 199 193 189 191 192 193 199 203 202 201 206 207 205 204 201 204 207 202 193 186
218 210 204 202 202 202 206 206 205 204 201 203 208 212 211 212 215 215 207 205 215 212 204 204 205 208 207 201 210 210 219 220 216 211 197 198 204 199 198 193 191 188 190 189 188 187 185 189 188 182 174 165 157 149 141 135 141 157 167 168 179 186 188 191 194 204 198 190 197 202 202 195 197 204 199 195 193 190 187 193 200 206 209 201 201 201 197 197 198 205 208 199 191 192
200 194 191 195 198 201 204 209 209 210 210 212 215 214 214 212 211 210 206 203 212 209 210 214 213 216 214 208 211 213 223 218 211 210 203 200 196 192 194 194 193 189 183 185 186 191 191 189 188 177 166 165 157 145 138 135 140 152 163 174 187 195 189 182 191 200 197 197 205 210 208 204 210 215 210 204 193 185 183 190 197 195 202 196 197 199 197 199 201 204 206 197 184 189
