data/prepareddata/MRC_m_sl4_VM.asc
ncols        98
nrows        102
xllcorner    553665.498394084047
yllcorner    5112101.329324090853
cellsize     250.000000000000
NODATA_value -9999
[rows 0 to 37 of 102, columns 0 to 83 of 98]
2546 2542 2502 2456 2421 2410 2390 2423 2334 2356 2409 2353 2399 2461 2463 2451 2446 2436 2443 2455 2438 2460 2476 2468 2471 2442 2364 2338 2365 2346 2294 2373 2390 2412 2435 2426 2400 2425 2441 2454 2382 2405 2513 2491 2513 2530 2509 2483 2454 2406 2373 2423 2516 2425 2452 2426 -9999 -9999 -9999 2423 -9999 -9999 2438 2414 2398 2401 2404 2370 2336 -9999 -9999 -9999 -9999 -9999 -9999 -9999 -9999 -9999 -9999 -9999 -9999 -9999 -9999 -9999
2573 2541 2508 2466 2435 2426 2404 2376 2332 2371 2404 2376 2405 2414 2399 2473 2476 2446 2446 2476 2461 2466 2491 2479 2491 2447 2408 2364 2363 2342 2273 2398 2411 2426 2456 2433 2391 2469 2481 2429 2497 2549 2558 2496 2488 2537 2526 2468 2455 2437 2373 2415 2488 2433 2412 -9999 -9999 -9999 -9999 2365 -9999 -9999 2408 2378 2375 2390 -9999 -9999 2295 2280 -9999 -9999 -9999 -9999 -9999 -9999 -9999 -9999 -9999 -9999 -9999 -9999 -9999 -9999
2561 2503 2491 2481 2429 2428 2388 2333 2270 2311 2361 2381 2384 2357 2326 2435 2444 2437 2445 2478 2444 2459 2492 2478 2392 2433 2434 2374 2338 2352 2333 2402 2416 2422 2451 2433 2426 2474 2497 2464 2556 2579 2564 2544 2539 2594 2560 2491 2479 2444 2429 2428 2435 2427 2365 -9999 -9999 -9999 -9999 -9999 -9999 2459 2388 2358 2346 2318 -9999 -9999 -9999 -9999 -9999 -9999 -9999 -9999 -9999 -9999 -9999 -9999 -9999 -9999 -9999 -9999 -9999 -9999
2527 2503 2507 2486 2418 2381 2364 2373 2352 2320 2321 2368 2373 2359 2310 2367 2413 2426 2446 2470 2449 2480 2482 2446 2392 2430 2415 2333 2319 2344 2362 2401 2413 2451 2456 2446 2455 2462 2481 2476 2518 2581 2585 2589 2600 2619 2577 2489 2486 2458 2429 2390 2399 2350 2293 2416 -9999 -9999 -9999 -9999 2406 -9999 2335 2350 2324 -9999 -9999 -9999 -9999 -9999 -9999 -9999 -9999 -9999 -9999 -9999 -9999 -9999 -9999 -9999 -9999 -9999 -9999 -9999
2529 2509 2503 2496 2431 2376 2363 2372 2358 2303 2315 2348 2338 2398 2314 2321 2397 2422 2448 2452 2427 2446 2450 2409 2450 2438 2397 2337 2318 2337 2358 2342 2352 2450 2460 2468 -9999 -9999 2449 2428 2473 2532 2623 2603 2596 2586 2538 2460 -9999 -9999 2398 2374 2377 2334 2270 2387 2450 2463 -9999 2378 2382 2329 2315 2287 2249 -9999 -9999 -9999 -9999 -9999 -9999 -9999 -9999 -9999 -9999 -9999 -9999 -9999 -9999 -9999 -9999 -9999 -9999 2359
2521 2503 2498 2472 2419 2359 2351 2376 2353 2269 2303 2357 2376 2391 2339 2332 2386 2417 2391 2393 2427 2438 2392 2416 2477 2444 2432 2392 2333 2353 2366 2360 2330 2435 2438 2422 -9999 2299 -9999 2437 2455 -9999 -9999 -9999 -9999 -9999 -9999 -9999 -9999 -9999 -9999 2364 2343 2346 2316 2254 2370 2424 2350 2358 2319 2307 2289 2236 2236 -9999 -9999 -9999 -9999 -9999 -9999 -9999 -9999 -9999 2310 2266 -9999 -9999 -9999 -9999 -9999 2323 2333 2333
2512 2491 2477 2443 2389 2344 2338 2361 2375 2322 2317 2379 2366 2347 2337 2367 2391 2393 2345 2366 2413 2377 2351 2452 2469 2445 2444 2420 2343 2340 2373 2384 2307 2407 2418 2392 2338 2329 2398 2422 -9999 -9999 -9999 -9999 -9999 -9999 -9999 -9999 -9999 -9999 -9999 -9999 2334 2356 2369 2338 2336 2324 2344 2344 2307 2318 2312 2279 2262 2254 -9999 -9999 -9999 -9999 -9999 -9999 -9999 -9999 2308 -9999 2293 -9999 -9999 -9999 -9999 -9999 2280 2283
2502 2494 2476 2425 2366 2329 2349 2358 2398 2387 2359 2359 2269 2266 2340 2367 2369 2350 2354 2343 2397 2392 2423 2448 2468 2453 2466 2458 2380 2341 2395 2424 2314 2397 2411 2387 2353 2325 2406 -9999 -9999 -9999 -9999 -9999 -9999 -9999 -9999 -9999 -9999 -9999 -9999 -9999 -9999 -9999 2391 2377 2329 2313 2350 2354 2327 2330 2355 2331 -9999 2265 -9999 -9999 -9999 -9999 -9999 2320 2311 2241 -9999 -9999 -9999 -9999 -9999 -9999 -9999 -9999 2269 -9999
2490 2492 2478 2451 2379 2347 2390 2360 2416 2431 2414 2375 2245 2279 2362 2371 2396 2357 2365 2278 2366 2401 2410 2436 2465 2452 2466 2464 2407 2370 2400 2420 2349 2415 2450 2405 2355 -9999 -9999 -9999 -9999 -9999 -9999 -9999 -9999 -9999 -9999 -9999 -9999 -9999 -9999 -9999 -9999 -9999 -9999 2396 2344 2342 2351 2350 -9999 -9999 -9999 -9999 -9999 2280 2287 2283 2314 2228 -9999 2250 -9999 -9999 -9999 -9999 -9999 -9999 -9999 -9999 -9999 -9999 -9999 -9999
2456 2469 2484 2470 2408 2379 2350 2352 2388 2435 2425 2377 2250 2299 2354 2359 2392 2374 2375 2343 2385 2405 2318 2373 2460 2464 2463 2461 2442 2398 2402 2437 2400 2432 2483 2432 2371 2334 2309 2348 -9999 -9999 -9999 -9999 -9999 -9999 -9999 -9999 -9999 -9999 -9999 -9999 -9999 -9999 -9999 -9999 2368 2341 2327 -9999 -9999 -9999 -9999 -9999 -9999 2319 2351 2366 2348 2271 2253 2257 2241 -9999 -9999 -9999 -9999 -9999 -9999 -9999 -9999 -9999 -9999 -9999
2414 2434 2451 2445 2402 2396 2391 2369 2368 2412 2424 2388 2329 2361 2382 2365 2373 2349 2347 2398 2405 2404 2344 2381 2455 2470 2469 2450 2456 2431 2407 2453 2488 2492 2432 2473 2403 2392 2312 2327 -9999 -9999 -9999 -9999 2376 -9999 -9999 -9999 -9999 -9999 -9999 -9999 -9999 -9999 -9999 -9999 -9999 2365 -9999 -9999 -9999 -9999 -9999 -9999 2401 2384 -9999 2392 2373 2335 2334 -9999 2274 -9999 2275 -9999 -9999 -9999 -9999 -9999 -9999 -9999 -9999 -9999
2395 2409 2426 2421 2372 2376 2407 2394 2393 2411 2413 2383 2365 2378 2410 2398 2402 2331 2313 2382 2407 2390 2381 2420 2455 2480 2480 2473 2482 2468 2393 2363 2489 2524 2411 -9999 2412 2429 2329 -9999 2268 -9999 -9999 2367 2372 -9999 2318 -9999 -9999 2393 2362 2266 -9999 -9999 -9999 2364 2358 -9999 -9999 -9999 -9999 -9999 -9999 -9999 2406 2400 2404 -9999 -9999 2374 2351 2334 2335 -9999 -9999 -9999 -9999 -9999 -9999 -9999 -9999 -9999 -9999 2256
2372 2379 2400 2388 2395 2408 2423 2400 2415 2406 2401 2391 2382 2353 2421 2438 2450 2418 2399 2340 2365 2413 2410 2407 2451 2478 2499 2501 2490 2476 2434 2341 2459 2466 2424 2331 -9999 -9999 -9999 -9999 2327 2327 -9999 2388 2391 2380 2357 2376 2374 2370 2360 2353 2345 -9999 2367 2416 2412 2384 -9999 2424 -9999 -9999 -9999 2408 -9999 -9999 -9999 2406 2393 -9999 2365 2334 2361 -9999 -9999 -9999 -9999 -9999 2309 -9999 -9999 -9999 -9999 -9999
2371 2381 2398 2381 2444 2459 2460 2413 2432 2412 2421 2440 2417 2385 2417 2422 2425 2428 2450 2393 2388 2418 2434 2405 2406 2441 2481 2503 2491 2475 2480 2392 2435 2373 2363 -9999 -9999 -9999 -9999 2299 -9999 2377 2401 2421 2408 2381 2368 -9999 2393 2403 2398 2389 2358 2365 2388 2418 2426 2390 2407 2397 2401 -9999 -9999 2439 2445 -9999 2458 2417 2411 -9999 -9999 2399 -9999 -9999 -9999 2352 2379 2357 2338 2275 -9999 -9999 -9999 -9999
2380 2383 2402 2422 2446 2480 2481 2458 2460 2444 2458 2459 2460 2451 2449 2441 2431 2440 2457 2455 2411 2432 2441 2377 2374 2393 2427 2496 2505 2491 2494 2424 2402 2417 2410 2428 2370 2302 -9999 -9999 -9999 -9999 -9999 2424 2395 -9999 -9999 -9999 -9999 2433 2425 2455 2367 2403 2421 2438 2450 2414 2399 2381 2411 2430 2430 2449 2427 -9999 2415 2375 -9999 -9999 -9999 -9999 -9999 -9999 -9999 2355 2357 2340 2339 2302 2280 2308 -9999 -9999
2397 2370 2381 2429 2437 2463 2463 2448 2435 2442 2455 2465 2489 2452 2459 2488 2499 2512 2509 2503 2472 2474 2435 2367 2375 2391 2422 2453 2423 2472 2480 2443 2434 2442 2408 2390 2409 2348 2341 2309 -9999 -9999 -9999 -9999 -9999 -9999 -9999 -9999 -9999 -9999 -9999 -9999 2410 2414 2421 2464 2469 2442 2419 2412 2443 2470 2450 2448 2414 2404 2395 2354 -9999 -9999 -9999 -9999 -9999 -9999 -9999 2382 2371 2373 2356 2325 2331 2345 2345 -9999
2412 2390 2369 2415 2433 2440 2446 2432 2416 2432 2454 2483 2502 2449 2446 2503 2491 2481 2495 2506 2499 2470 2419 2379 -9999 -9999 2456 2433 2382 2462 2451 2453 2452 2431 2406 2360 -9999 2363 2350 2324 2343 -9999 -9999 -9999 -9999 -9999 -9999 -9999 -9999 -9999 2405 2399 2402 2380 2420 2460 2458 2473 2474 2467 2464 2466 2468 2435 2401 2371 2307 2297 2321 -9999 -9999 -9999 -9999 -9999 2332 2358 2398 2404 2398 2395 2389 2395 2431 -9999
2430 2436 2428 2440 2430 2436 2427 2408 2409 2433 2448 2463 2474 2445 2434 2473 2464 2467 2499 2492 2479 -9999 2408 2389 2373 2357 2411 2451 2470 2503 2486 2485 2431 2414 2408 2387 2410 2373 2376 2363 2305 -9999 -9999 -9999 -9999 -9999 -9999 -9999 2368 2336 2339 2359 2380 2371 2417 2471 2469 2487 2470 2431 2426 2456 2470 2435 2410 2391 2330 2317 -9999 -9999 -9999 -9999 -9999 -9999 2374 2387 2438 2440 2459 2458 2447 2435 2452 -9999
2454 2429 2433 2445 2438 2449 2419 2411 2389 2400 2431 2438 2456 2467 2483 2459 2419 2437 2487 2511 2472 -9999 -9999 2457 2448 2384 2379 2432 2469 2499 -9999 -9999 2422 2404 2395 2395 2366 2360 2393 2395 2332 -9999 -9999 -9999 -9999 -9999 -9999 -9999 -9999 2354 2348 2340 2308 2292 2375 2459 2460 2444 2423 2399 2408 2468 2446 2416 2433 2424 2367 2316 -9999 -9999 2206 -9999 2291 -9999 2407 2419 2424 2457 2472 2450 2466 2466 2407 -9999
2445 2416 2413 2442 2439 2437 2417 2409 2424 2396 2422 2429 2458 2466 2490 2458 2431 2415 2415 2474 2500 -9999 -9999 -9999 2470 2400 2356 -9999 -9999 2359 -9999 -9999 -9999 2374 2389 2420 2412 2400 2378 2365 2347 2323 2270 -9999 -9999 -9999 -9999 -9999 -9999 2389 2398 2387 2336 2314 2393 2453 2458 2416 2412 2411 2369 2379 2375 2393 2428 2425 2413 2325 2289 -9999 -9999 -9999 2269 2324 2361 2382 2409 2436 2430 2434 2453 -9999 -9999 2454
2403 2403 2412 2425 2438 2420 2372 2313 2386 2408 2431 2436 2458 2455 2456 2432 2437 2430 2385 2420 2475 2475 -9999 -9999 -9999 -9999 -9999 -9999 -9999 2350 2366 2363 2431 2448 2450 2464 2450 2424 2390 2366 2340 2322 2299 2241 -9999 2269 -9999 -9999 2369 2368 2393 2402 2354 2335 2402 2434 2431 2408 2384 2392 2387 2400 2424 2444 2486 2438 2411 2387 2320 2310 -9999 -9999 2388 2363 2364 2366 2386 2416 2429 2427 2430 2450 2458 2420
2404 2403 2414 2421 2424 2411 2359 2320 2358 2410 2443 2469 2470 2464 2456 2435 2437 2453 2402 2372 2394 -9999 -9999 -9999 -9999 2296 -9999 2253 2351 2395 2390 2395 2418 2438 2458 2475 2468 2449 2412 2391 2366 2337 2295 2307 2309 2314 -9999 -9999 2384 2389 -9999 2376 2374 2394 2403 2414 2419 2413 2386 2395 2425 2453 2469 2507 2525 2466 2405 2386 2356 2318 -9999 2392 2424 -9999 2383 2362 2375 2402 2393 2376 2402 2416 2392 2399
2427 2408 2412 2397 2411 2412 2352 2332 2336 2393 2433 2491 2513 2498 2417 2409 2425 2420 2422 2418 2373 -9999 -9999 -9999 -9999 2304 2289 2294 2348 2385 2398 2414 2400 2398 2435 2440 2435 2420 2432 2410 2395 2370 2355 2425 2409 2368 2365 2369 2377 2389 2391 2429 2447 2421 2413 2427 2408 2387 2389 2411 2433 2444 2458 2475 2455 2406 2394 2375 2347 2365 2389 2403 2408 2375 2360 2352 2353 2337 2332 2334 2363 2380 2381 2392
2427 2397 2408 2416 2441 2426 2363 2362 2394 2445 2449 2499 2518 2497 2436 2390 2398 2392 2420 2431 2392 2425 2459 2345 -9999 2325 2353 2345 2358 2369 2374 2376 2380 2378 2387 2400 2418 2407 2422 2416 2389 2376 2381 2406 2398 2396 2391 2393 2404 2396 2409 2436 2432 2384 2387 2400 2397 2377 2383 2427 2447 2431 2436 2419 2371 2333 2345 2343 2297 2381 2377 2380 2404 2394 2369 2356 2350 2342 2342 2330 2331 2343 2347 2360
2425 2414 2436 2459 2453 2442 2396 2394 2433 2465 2472 2489 2495 2477 2444 2403 2399 2396 2404 2401 2377 2396 2416 2385 -9999 2364 2397 2393 2355 2348 2355 2350 2337 2318 2316 2339 2366 2362 2349 2361 2381 2392 2395 2387 2394 2415 2404 2408 2430 2459 2463 2461 2447 2442 2400 2344 2350 2369 2416 2443 2458 2441 2436 2408 2368 2366 2398 2407 2331 2363 2388 2392 2398 2411 2390 2391 2391 2384 2359 2339 2335 2352 2354 2360
2449 -9999 2451 2501 2513 2489 2442 2464 2452 2449 2476 2496 2475 2409 2402 2405 2410 2384 2372 2368 2357 2374 2402 2385 2373 2383 2390 2381 2343 2333 2345 2332 2300 2282 2307 2312 2331 2356 2326 2351 2380 2370 2362 2389 2375 2382 2405 2410 2406 2437 2428 2492 2496 2477 2429 2351 2343 2328 2383 2435 2433 2427 2416 2427 2429 2409 2421 2415 2350 2352 2398 2403 2398 2387 2411 2414 2392 2382 2378 2351 2340 2376 2385 2381
2452 -9999 2497 2519 2527 2489 2454 2435 2442 2469 2478 2487 2468 2435 2417 2413 2406 2385 2371 2351 2341 2335 2341 2336 2343 2352 2331 2339 2310 2321 2331 2319 2311 2310 2364 2366 2347 2373 2377 2372 2361 2369 2360 2357 2339 2345 2383 2394 2414 2419 2370 2424 2462 2438 2427 2376 2352 2338 2398 2439 2433 2418 2402 2408 2404 2394 2399 2402 2394 2394 2413 2419 2393 2367 2402 2382 2359 2363 2343 2334 2346 2359 2363 2394
2463 -9999 -9999 2536 2516 2456 2435 2417 2436 2491 2517 2504 2488 2416 2371 2407 2416 2405 2377 2345 2312 2294 2293 2296 2300 2316 2317 2320 2319 2318 2336 2343 2367 2375 2390 2413 2395 2386 2393 2386 2377 2394 2385 2357 2333 2303 2325 2337 2362 2400 2370 2362 2363 2370 2415 2398 2367 2369 2397 2420 2409 2371 2386 2398 2371 2355 2373 2399 2396 2391 2409 2418 2407 2341 2363 2345 2342 2332 2333 2349 2374 2361 2387 2413
2490 -9999 2399 2501 2498 2445 2426 2413 2427 2445 2491 2501 2482 2421 2403 2434 2443 2402 2352 2343 2301 2291 2281 2286 2311 2313 2293 2348 2376 2378 2381 2381 2378 2397 2420 2466 2472 2428 2397 2414 2444 2462 2433 2426 2386 2289 2272 2314 2351 2385 2390 2360 2332 2339 2399 2411 2388 2391 2386 2369 2360 2347 2397 2434 2375 2313 2311 2336 2343 2341 2366 2407 2399 2339 2344 2352 2350 2337 2347 2357 2367 2365 2401 2440
2434 -9999 2408 2458 2474 2444 2408 2393 2392 2382 2428 2483 2482 2480 2496 2489 2482 2459 2403 2363 2333 2327 2290 2283 2302 2316 2322 2348 2401 2406 2391 2424 2444 2447 2462 2509 2501 2444 2424 2436 2486 2498 2498 2480 2419 2330 2277 2278 2311 2367 2401 2376 2355 2366 2376 2415 2395 2377 2376 2337 2325 2333 2384 2394 2346 2307 2295 2320 2342 2323 2304 2312 2346 2358 2357 2380 2362 2333 -9999 2359 2368 2383 2382 2422
2396 -9999 2399 2407 2412 2404 2387 2383 2419 2396 2426 2460 2465 2501 2534 2513 2518 2509 2434 2387 2376 2363 2336 2355 2364 2348 2374 2403 2423 2407 2403 2473 2499 2479 2514 2536 2515 2521 2489 2505 2540 2491 2508 2487 2433 2382 2295 2265 2293 2348 2377 2376 2401 2368 2337 2392 2403 2406 2410 2382 2317 2305 2316 2310 2297 2311 2298 2310 2375 2379 2308 2283 2319 2352 2359 2370 2358 -9999 -9999 2401 2405 2381 2371 2410
2468 -9999 2405 2398 2388 2409 2407 2386 2410 2414 2399 2412 2481 2516 2497 2498 2521 2533 2458 2422 2412 2408 2397 2419 2432 2403 2433 2458 2392 2368 2407 2454 2468 2516 2564 2547 2529 2546 2552 2570 2561 2524 2514 2479 2448 2424 2352 2276 2291 2338 2354 2354 2391 2374 2353 2359 2360 2377 2386 2337 2306 2303 2299 2305 2278 2267 2278 2305 2344 2367 2349 2319 2303 2323 2352 2365 -9999 -9999 -9999 -9999 2450 2422 2408 2405
-9999 -9999 -9999 2497 2502 2498 2452 2404 2397 2433 2386 2380 2452 2517 2497 2494 2503 2526 2473 2448 2442 2442 2462 2477 2475 2431 2421 2428 2426 2444 2456 2446 2460 2489 2470 2468 2485 2530 2554 2558 2550 2532 2509 2471 2394 2392 2378 2325 2336 2339 2322 2331 2354 2334 2329 2330 2320 2335 2363 2347 2343 2322 2306 2326 2262 2242 2252 2251 2306 2330 2350 2339 2292 2308 2348 2387 2420 -9999 2419 2464 2473 2491 2461 2458
2480 -9999 -9999 2524 2552 2544 2469 -9999 2438 2467 2399 2370 2424 2496 2500 2528 2529 2533 2496 2449 2428 2434 2477 2499 2470 2450 2416 2487 2565 2588 2585 2565 2560 2556 2488 2443 2448 2460 2472 2507 2529 2523 2496 2460 2409 2370 2359 2338 2329 2333 2310 2292 2285 2290 2294 2290 2266 2252 2274 2300 2353 2325 2282 2321 2296 2284 2299 2286 2299 2319 2328 2328 2295 2317 2352 2406 2423 2435 2407 2427 2455 2483 2494 2474
2485 -9999 -9999 2524 2534 2490 -9999 2421 2421 2436 -9999 2356 2387 2467 2473 2514 2541 2560 2539 2476 2419 2424 2451 2494 2494 2515 2516 2559 2592 2589 2600 2617 2629 2604 2543 2485 2468 2476 2476 2490 2490 2472 2436 2389 2359 2360 2352 2359 2341 2328 2339 2295 2258 2268 2288 2256 2194 2173 2217 2277 2326 2349 2375 2346 2302 2297 2330 2282 2282 2311 2313 2318 2325 2359 2379 2393 2408 2360 2340 2371 2393 2404 2458 2481
-9999 -9999 2444 2464 2490 2506 -9999 2372 2390 2395 2368 2345 2355 2413 2434 2472 2516 2538 2534 2488 2440 2460 2501 2540 2552 2582 2602 2599 2575 2561 2579 2597 2621 2634 2618 2548 2488 2475 2485 2464 2435 2420 2362 2338 2303 2338 2371 2402 2418 2432 2384 2352 2279 2276 2306 2264 2198 2187 2188 2252 2319 2362 2413 2398 2348 2353 2360 2322 2321 2326 2347 2359 2394 2433 2423 2370 2348 2319 2322 2377 2387 2366 2405 2431
-9999 -9999 2467 2452 2423 2417 2375 2398 2424 2372 2347 2333 2339 2390 2422 2442 2467 2473 2479 2518 2531 2539 2554 2572 2590 2590 2593 2556 2504 2507 2534 2542 2595 2629 2638 2613 2549 2519 2503 2436 2399 2400 2309 2287 2282 2369 2404 2423 2493 2475 2433 2432 2373 2391 2380 2302 2264 2256 2274 2289 2343 2376 2386 2404 2438 2446 2404 2384 2409 2411 2409 2403 2423 2447 2400 2362 2323 2321 2335 2401 2406 2378 2371 2386
-9999 -9999 -9999 2444 2450 2386 2372 2414 2432 2394 2358 2339 2357 2394 2422 2432 2448 2465 2479 2539 2561 2582 2596 2622 2605 2570 2567 2515 2502 2519 2505 2480 2538 2550 2565 2619 2588 2540 2525 2469 2404 2381 2299 2276 2291 2361 2403 2459 2487 2486 2502 2499 2496 2471 2402 2364 2353 2338 2323 2332 2386 2408 2427 2469 2479 2467 2434 2433 2449 2438 2444 2441 2441 2417 2350 2369 2323 2360 2379 2401 2368 2364 2365 2393
