data/prepareddata/MRC_n_sl4_VM.asc
ncols        98
nrows        102
xllcorner    553665.498394084047
yllcorner    5112101.329324090853
cellsize     250.000000000000
NODATA_value -9999
[rows 34 to 67 of 102, columns 0 to 76 of 98]
13307 -9999 -9999 13376 13395 13317 -9999 13194 13195 13220 -9999 13082 13135 13275 13286 13359 13407 13441 13404 13291 13191 13201 13248 13324 13323 13360 13363 13440 13499 13494 13514 13545 13567 13521 13412 13308 13278 13290 13291 13317 13317 13284 13221 13140 13087 13089 13075 13088 13057 13035 13054 12980 12917 12933 12967 12914 12811 12776 12849 12948 13031 13070 13116 13066 12991 12982 13038 12956 12957 13006 13008 13017 13030 13087 13121 13146 13171
-9999 -9999 13234 13270 13315 13345 -9999 13109 13141 13149 13103 13063 13080 13181 13218 13285 13362 13400 13394 13313 13229 13263 13336 13406 13427 13482 13518 13513 13468 13443 13476 13508 13552 13575 13547 13420 13313 13290 13307 13269 13220 13193 13094 13051 12992 13051 13107 13161 13190 13214 13131 13077 12952 12948 12999 12927 12818 12799 12801 12906 13018 13092 13180 13154 13069 13079 13090 13024 13023 13031 13066 13087 13149 13215 13197 13106 13070
-9999 -9999 13276 13249 13198 13187 13114 13155 13199 13110 13068 13043 13054 13141 13196 13231 13276 13286 13296 13366 13388 13403 13430 13463 13496 13495 13500 13435 13341 13347 13394 13409 13505 13567 13582 13538 13421 13368 13338 13220 13156 13160 13003 12965 12957 13105 13165 13198 13321 13290 13217 13214 13113 13144 13124 12990 12927 12914 12944 12968 13060 13116 13134 13166 13224 13238 13166 13131 13173 13176 13174 13163 13199 13241 13158 13094 13026
-9999 -9999 -9999 13236 13245 13133 13109 13182 13215 13148 13086 13054 13085 13148 13196 13214 13241 13270 13296 13404 13443 13480 13506 13553 13524 13458 13453 13361 13337 13367 13342 13299 13402 13422 13449 13548 13492 13405 13379 13279 13166 13126 12985 12947 12973 13092 13164 13260 13310 13309 13337 13332 13326 13284 13161 13095 13078 13053 13027 13041 13133 13171 13206 13278 13297 13275 13217 13216 13244 13224 13234 13229 13229 13189 13071 13105 13027
-9999 -9999 13144 13202 -9999 -9999 13161 13183 13237 13186 13026 13030 13124 13148 13242 13257 13281 13370 13394 13493 13558 13539 13532 13588 13538 13440 13357 13231 13257 13325 13379 13345 13365 13363 13354 13473 13495 13440 13409 13370 13233 13159 13065 13003 12972 13018 13126 13241 13296 13286 13316 13353 13369 13322 13231 13191 13157 13108 13115 13161 13200 13236 13282 13326 13307 13310 13257 13256 13239 13310 13320 13289 13264 13124 13056 13105 13021
-9999 -9999 13201 13196 -9999 -9999 13191 13161 13231 13191 13093 13077 13208 13215 13249 13229 13355 13500 13521 13494 13489 13507 13469 13556 13537 13372 13241 13176 13217 13288 13327 13387 13409 13351 13328 13375 13468 13520 13488 13405 13282 13218 13137 13018 12982 13117 13240 13269 13259 13205 13234 13297 13345 13351 13308 13249 13144 13109 13187 13231 13268 13311 13292 13257 13274 13315 13301 13268 13224 13293 13334 13321 13326 13226 13083 13060 13065
-9999 -9999 -9999 13170 -9999 -9999 13185 13153 13135 13133 13150 13144 13254 13278 13277 13262 13420 13543 13639 13580 13451 13426 13437 13498 13463 13305 13211 13204 13241 13238 13261 13377 13399 13345 13309 13338 13441 13511 13461 13425 13331 13259 13164 13110 13081 13198 13328 13311 13263 13206 13199 13271 13314 13334 13332 13235 13133 13112 13175 13248 13276 13331 13300 13253 13271 13313 13316 13312 13274 13274 13318 13363 13342 13268 13141 13114 13135
-9999 -9999 13169 -9999 13139 13160 13181 13140 13119 13152 13162 13157 13226 13282 13238 13265 13431 13570 13658 13582 13432 13417 13456 13481 13411 13293 13237 13241 13330 13339 13357 13396 13391 13397 13375 13381 13389 13473 13448 13469 13352 13297 13224 13206 13170 13176 13280 13290 13252 13159 13172 13273 13282 13292 13300 13187 13086 13085 13115 13183 13245 13276 13253 13268 13291 13279 13253 13271 13304 13312 13325 13363 13295 13134 13088 13157 13184
13190 -9999 -9999 -9999 -9999 -9999 -9999 13143 13140 13114 13114 13166 13211 13317 13313 13376 13505 13565 13586 13481 13374 13406 13441 13428 13389 13341 13299 13291 13314 13399 13399 13416 13404 13326 13313 13305 13337 13416 13456 13484 13384 13350 13304 13240 13208 13181 13204 13169 13141 13120 13144 13264 13316 13327 13274 13153 13040 13073 13155 13181 13216 13208 13202 13263 13284 13258 13227 13273 13333 13364 13339 13308 13280 13153 13148 13197 13191
13060 13143 13146 13080 13088 -9999 13115 13207 13233 13149 13183 13225 13294 13370 13419 13462 13493 13502 13441 13444 13361 13377 13408 13399 13393 13378 13337 13357 13355 13404 13431 13439 13423 13359 13316 13296 13319 13366 13390 13456 13402 13372 13368 13240 13067 13093 13125 13118 13149 13173 13201 13258 13281 13297 13307 13204 13068 13037 13112 13176 13150 13153 13212 13260 13268 13274 13276 13333 13324 13345 13303 13290 13266 13221 13284 13270 13199
13133 13142 13168 13143 13163 13197 13173 13248 13256 13223 13334 13330 13405 13451 13453 13501 13529 13519 13467 13419 13368 13389 13394 13408 13361 13350 13344 13367 13356 13302 13283 13374 13437 13409 13339 13267 13293 13360 13353 13353 13370 13329 13315 13198 12998 13030 13077 13126 13217 13212 13231 13161 13129 13192 13250 13137 13068 12982 13037 13050 13026 13059 13158 13235 13330 13273 13317 13371 13342 13319 13302 13346 13315 13270 13288 13241 13147
13169 13170 13189 13156 13186 13268 13256 13207 13256 13313 13395 13440 13443 13412 13415 13454 13471 13435 13477 13447 13390 13413 13407 13429 13407 13373 13384 13393 13346 13236 13176 13326 13450 13405 13306 13248 13285 13263 13255 13301 13398 13317 13277 13234 13039 13002 13038 13028 13127 13188 13223 13128 13106 13179 13221 13143 13124 13020 12986 13055 13033 13068 13164 13195 13282 13261 13315 13381 13283 13340 13348 13379 13448 13419 13347 13247 13143
13186 13130 13158 13158 13161 13211 13235 13206 13264 13291 13393 13532 13471 13384 13377 13365 -9999 -9999 13454 13397 13385 13400 13391 13422 13426 13441 13445 13426 13392 13245 13214 13342 13351 13292 13228 13159 13286 13182 13178 13261 13330 13284 13317 13287 13078 12993 13010 12984 13071 13149 13265 13232 13118 13201 13209 13227 13202 13136 13117 13127 13126 13124 13193 13269 13302 13302 13337 13350 13281 13289 13368 13428 13503 13499 13404 13274 13181
13132 13105 13119 13165 13215 13211 13201 13227 13233 13249 13353 13469 13446 13368 13369 -9999 -9999 -9999 13431 13382 13376 13329 13348 13357 13377 13435 13445 13405 13363 13296 13252 13283 13254 13170 13154 13204 13292 13236 13198 13243 13290 13195 13262 13260 13168 13057 12999 12916 12897 13000 13100 13148 13105 13169 13220 13226 13203 13161 13145 13151 13150 13118 13097 13156 13245 13294 13326 13317 13223 13276 13402 13460 13482 13508 13475 13324 13211
13048 13051 13100 13176 13177 13214 13222 13223 13229 13223 13314 13383 -9999 -9999 -9999 -9999 -9999 -9999 13241 13124 13223 13226 13307 13335 13345 13426 13428 13427 13393 13355 13338 13297 13253 13256 13259 13270 13273 13252 13222 13241 13254 13219 13226 13185 13138 13090 12989 12848 12808 12871 12929 12974 12995 13016 13060 13127 13146 13149 13130 13140 13147 13076 13020 13054 13155 13303 13321 13298 13254 13310 13385 13450 13493 13471 13461 13386 13288
13019 13053 13088 13151 13168 13186 13202 13221 13230 13231 13295 -9999 -9999 -9999 -9999 -9999 -9999 -9999 12992 -9999 -9999 13222 13244 13349 13422 13482 13463 13441 13390 13306 13265 13278 13245 13263 13270 13258 13215 13173 13182 13133 13136 13235 13226 13176 13173 13122 12946 12796 12756 12805 12779 12803 12804 12817 12864 12994 13078 13163 13223 13178 13067 12980 12963 13024 13180 13278 13352 13372 13366 13315 13346 13431 13446 13396 13408 13353 13323
12959 12992 12993 13059 13102 13151 13225 13247 13195 13223 13321 13412 -9999 13158 -9999 -9999 -9999 -9999 12939 -9999 -9999 13180 13199 13264 13334 13381 13384 13354 13280 13248 13279 13247 13231 13286 13264 13208 13186 13157 13113 13051 13179 13325 13216 13178 13181 13026 12873 12775 12672 12704 12661 12674 12664 12764 12847 12921 13043 13121 13119 13120 13011 12945 12942 13072 13218 13222 13343 13386 13341 13317 13387 13392 13397 13307 13320 13408 13402
12918 12952 12959 13027 13149 13231 13235 13250 13207 13252 13336 13279 -9999 13031 -9999 13112 13152 13097 13023 -9999 -9999 -9999 -9999 13192 13243 13276 13327 13287 13190 13210 13306 13258 13260 13241 13230 13231 13225 13202 13102 13127 13248 13403 13247 13266 13222 12991 12900 12817 12604 12535 12524 12579 12577 12654 12756 12833 13019 13045 12966 12932 12907 12874 12958 13083 13199 13290 13371 13382 13378 13397 13384 13342 13367 13337 13332 13364 13386
13006 13005 12984 13028 13114 13193 13273 13298 13256 13256 13258 13180 13064 13007 13004 13036 13046 13040 13032 -9999 -9999 -9999 -9999 13095 13163 13226 13252 13202 13177 13228 13311 13323 13305 13233 13181 13171 13166 13222 13157 13170 13280 13358 13287 13283 13258 12966 12891 12852 12695 12587 12578 12576 12545 12580 12680 12771 12856 12907 12935 12925 12893 12903 12999 13091 13219 13344 13409 13488 13528 13491 13436 13406 13356 13301 13278 13252 13224
13079 13080 13059 13041 13080 13195 13286 13321 13285 13288 13257 13279 13178 13080 -9999 12986 12974 12991 13006 12965 -9999 -9999 13040 13010 13002 13118 13070 13121 13220 13240 13325 13349 13263 13213 13202 13191 13129 13203 13232 13274 13343 13367 13309 13255 13169 12990 12938 12843 12706 12654 12641 12612 12607 12697 12839 12919 12844 12891 12987 12965 12930 13031 13112 13190 13257 13364 13490 13561 13500 13439 13368 13377 13345 13265 13203 13179 13085
13200 13217 13173 13164 13180 13255 13274 13318 13325 13325 13258 13291 13274 13246 13291 13147 12997 12958 12965 12964 12993 13017 12998 13028 12994 13044 13071 13156 13242 13189 13222 13211 13155 13134 13126 13137 13213 13261 13302 13344 13342 13341 13302 13250 13184 13056 12968 12826 12657 12641 12679 12710 12766 12851 12929 13014 12958 13099 13177 13194 13095 13155 13221 13313 13351 13445 13548 13564 13500 13442 13361 13315 13299 13182 13068 13040 13037
13393 13363 13266 13316 13265 13264 13288 13323 13339 13359 13246 -9999 13210 13281 13327 13273 13167 13094 13008 13000 13061 -9999 -9999 13135 13061 13111 13176 13205 13219 13160 13163 13131 13087 13090 13126 13140 13206 13326 13351 13358 13402 13354 13272 13194 13165 12999 12860 12773 12654 12807 12820 12822 12869 12926 12898 12906 13012 13190 13234 13234 13180 13260 13237 13316 13389 13463 13469 13511 13485 13412 13298 13231 13201 13107 13005 12973 12986
13428 13400 13380 13350 13288 13336 13402 13411 13320 13309 13226 13165 13198 -9999 -9999 13233 13171 13156 13157 13157 13158 13149 13132 13096 13062 13159 13267 13278 13216 13124 13135 13170 13134 13103 13123 13117 13225 13360 13386 13413 13361 13333 13236 13164 13123 12978 12812 12795 12770 12864 12920 12878 12874 12942 13002 12984 12969 13110 13165 13223 13299 13374 13298 13347 13488 13489 13469 13439 13363 13218 13116 13096 13086 13042 12991 12956 12965
13410 13399 13400 13366 13312 13318 13433 13420 13285 13278 13250 13175 13181 13207 -9999 -9999 13137 13144 13199 13206 13189 13144 13046 13062 13126 13193 13281 13302 13184 13092 13135 13183 13170 13142 13149 13163 13253 13357 13392 13399 13323 13332 13266 13155 13115 13077 12921 12839 12889 12936 12929 12873 12895 12948 12997 13045 13071 13136 13224 13306 13391 13426 13416 13420 13412 13414 13391 13275 13168 13084 13040 13053 13026 12943 12949 12945 12953
13430 13442 13439 13394 13308 13314 13340 13295 13193 13291 13286 13200 13146 13155 13154 13112 13165 13188 13189 13227 13199 13183 13113 13097 13187 13246 13257 13278 13190 13178 13214 13257 13270 13261 13242 13228 13269 13341 13401 13367 13268 13305 13339 13214 13132 13135 12965 12869 12943 12993 12961 12925 12961 13025 13116 13203 13170 13171 13258 13338 13411 13418 13442 13451 13424 13356 13248 13073 12990 12972 12960 12951 12919 12878 12912 13002 12963
13443 13448 13384 13330 13288 13274 13194 13150 13111 13247 13314 13279 13230 13169 13130 13074 13146 13212 13203 13281 13222 13241 13193 13142 13178 13230 13285 13253 13239 13267 13289 13358 13382 13393 13319 13251 13280 13328 13368 13330 13274 13313 13357 13279 13143 13102 12992 12917 12944 12980 13034 13024 13067 13139 13183 13196 13247 13242 13324 13360 13406 13442 13407 13397 13313 13126 13060 12971 12970 12953 12971 12920 12859 12867 12918 12963 12937
13348 13316 13294 13222 13204 13159 13142 13044 13065 13188 13240 13269 13249 13201 13171 13122 13163 13245 13234 13285 13273 13240 13183 13140 13118 13208 13275 13240 13274 13386 13394 13357 13368 13371 13271 13185 13219 13286 13368 13337 13300 13323 13328 13286 13192 13125 13034 12949 12912 12939 13011 13043 13182 13271 13249 13264 13291 13286 13320 13383 13390 13425 13343 13280 13079 12989 13072 13018 13027 13026 13043 13055 13039 13020 13052 13003 12975
13228 13184 13222 13154 13096 13185 13173 13059 13026 13118 13196 13243 13208 13195 13226 13242 13219 13224 13238 13221 13173 13123 13139 13188 13202 13201 13238 13202 13253 13307 13320 13263 13316 13298 13238 13227 13327 13293 13367 13314 13323 13282 13294 13225 13163 13107 13031 12952 12945 12924 12943 12978 13117 13246 13220 13218 13274 13308 13313 13414 13398 13344 13251 13132 13106 13056 13105 13147 13138 13173 13224 13208 13187 13179 13186 13156 13135
13112 13067 13154 13120 13061 13083 13071 13072 13092 13123 13174 13238 13187 13178 13238 13240 13155 13111 13098 13125 13178 13158 13188 13215 13159 13166 13167 13166 13241 13205 13248 13215 13267 13261 13238 13226 13292 13245 13265 13297 13275 13247 13182 13142 13091 13080 13005 12934 12972 12940 12913 12875 12969 13126 13189 13244 13318 13345 13334 13323 13268 13234 13116 13047 13096 13151 13230 13266 13257 13266 13269 13212 13173 13178 13185 13224 13249
13089 13106 13114 13107 13058 13030 13055 13098 13141 13143 13173 13291 13217 13186 13260 13169 13063 13050 13011 13081 13087 13129 13155 13162 13129 13154 13113 13175 13186 13193 13205 13197 13226 13227 13228 13269 13320 13243 13224 13251 13258 13165 13066 13084 13066 13061 12985 12909 12925 12910 12802 12747 12910 13077 13160 13236 13303 13338 13297 13193 13184 13131 12988 13052 13145 13177 13208 13337 13360 13302 13224 13156 13155 13213 13218 13324 13381
13142 13122 13081 13116 13096 13060 13034 13050 13107 13146 13220 13327 13249 13180 13253 13214 13122 13075 13084 13095 13069 13089 13121 13116 13122 13100 13123 13192 13175 13173 13189 13180 13183 13165 13164 13271 13304 13268 13298 13285 13209 13102 13042 13076 13076 12999 12918 12854 12879 12864 12782 12781 12884 13087 13262 13268 13283 13329 13314 13251 13220 13096 13003 13016 13136 13127 13252 13441 13419 13333 13295 13239 13182 13240 13303 13421 13367
13138 13106 13091 13095 13109 13092 13107 13115 13139 13166 13237 13280 13164 13119 13263 13224 13134 13163 13154 13175 13138 13115 13143 13149 13136 13115 13138 13145 13140 13141 13173 13199 13167 13117 13121 13229 13299 13299 13259 13249 13188 13099 13070 13084 13092 12963 12945 12854 12864 12845 12784 12804 12902 13097 13266 13293 13329 13354 13366 13362 13328 13333 13251 13064 13136 13214 13293 13396 13354 13351 13339 13255 13165 13175 13271 13323 13305
13075 13016 13008 13065 13097 13092 13080 13124 13172 13206 13246 13214 13060 13062 13183 13243 13209 13173 13161 13173 13166 13158 13150 13135 13132 13152 13177 13132 13140 13211 13236 13246 13220 13212 13205 13315 13318 13265 13211 13171 13175 13163 13125 13053 13028 12982 12974 12879 12860 12869 12832 12815 12959 13097 13198 13250 13317 13347 13416 13393 13339 13281 13240 13190 13227 13301 13334 13362 13288 13312 13302 13222 13170 13185 13257 13268 13233
13066 13015 13005 13040 13048 13043 13154 13238 13222 13222 13231 13122 12966 13026 13145 13196 13165 13134 13170 13196 13221 13184 13216 13223 13240 13225 13232 13236 13256 13372 13376 13365 13396 13356 13272 13277 13338 13292 13271 13220 13158 13130 13084 13039 12993 12958 13007 12925 12869 12903 12878 12869 12990 13091 13169 13199 13291 13338 13384 13367 13313 13215 13173 13233 13273 13311 13359 13410 13365 13280 13208 13151 13180 13247 13240 13212 13197
