data/prepareddata/MRC_Ts_sl4_VM.asc
ncols        98
nrows        102
xllcorner    553665.498394084047
yllcorner    5112101.329324090853
cellsize     250.000000000000
NODATA_value -9999
[rows 0 to 37 of 102, columns 0 to 83 of 98]
5314 5331 5329 5322 5274 5238 5249 5270 5165 5144 5187 5286 5331 5340 5363 5371 5352 5339 5357 5365 5349 5353 5392 5374 5322 5300 5280 5284 5310 5282 5240 5211 5226 5229 5207 5204 5235 5224 5224 5255 5298 5333 5289 5295 5311 5256 5241 5260 5174 5065 4974 5042 5207 5277 5284 5240 -9999 -9999 -9999 5198 -9999 -9999 5284 5311 5309 5268 5264 5272 5234 -9999 -9999 -9999 -9999 -9999 -9999 -9999 -9999 -9999 -9999 -9999 -9999 -9999 -9999 -9999
5360 5315 5308 5308 5262 5223 5244 5258 5199 5196 5242 5286 5321 5327 5342 5380 5392 5374 5384 5387 5376 5333 5367 5392 5383 5312 5265 5222 5288 5288 5252 5221 5212 5232 5226 5204 5213 5234 5215 5235 5260 5298 5286 5246 5233 5204 5197 5161 5197 5160 5060 5065 5135 5270 5322 -9999 -9999 -9999 -9999 5194 -9999 -9999 5334 5290 5271 5249 -9999 -9999 5144 5109 -9999 -9999 -9999 -9999 -9999 -9999 -9999 -9999 -9999 -9999 -9999 -9999 -9999 -9999
5346 5309 5293 5320 5268 5231 5247 5268 5228 5205 5260 5254 5252 5323 5327 5355 5377 5381 5367 5372 5383 5334 5366 5399 5393 5315 5261 5278 5274 5269 5226 5218 5209 5204 5180 5214 5241 5214 5202 5168 5252 5267 5232 5247 5278 5250 5216 5175 5191 5160 5127 5105 5096 5214 5318 -9999 -9999 -9999 -9999 -9999 -9999 5417 5343 5272 5272 5228 -9999 -9999 -9999 -9999 -9999 -9999 -9999 -9999 -9999 -9999 -9999 -9999 -9999 -9999 -9999 -9999 -9999 -9999
5341 5332 5306 5341 5288 5234 5244 5264 5215 5188 5274 5286 5231 5290 5316 5307 5324 5343 5335 5336 5364 5359 5372 5395 5364 5326 5279 5259 5280 5273 5249 5256 5219 5206 5193 5195 5213 5195 5182 5126 5168 5283 5335 5361 5406 5389 5303 5215 5209 5199 5161 5074 5098 5160 5255 5239 -9999 -9999 -9999 -9999 5364 -9999 5309 5306 5257 -9999 -9999 -9999 -9999 -9999 -9999 -9999 -9999 -9999 -9999 -9999 -9999 -9999 -9999 -9999 -9999 -9999 -9999 -9999
5367 5366 5337 5342 5297 5260 5257 5263 5211 5196 5257 5310 5230 5259 5297 5286 5309 5332 5334 5310 5325 5347 5358 5370 5336 5313 5296 5289 5290 5279 5253 5253 5254 5221 5181 5197 -9999 -9999 5164 5139 5156 5270 5467 5419 5386 5354 5255 5155 -9999 -9999 5095 5090 5106 5144 5237 5258 5295 5337 -9999 5297 5328 5322 5361 5302 5228 -9999 -9999 -9999 -9999 -9999 -9999 -9999 -9999 -9999 -9999 -9999 -9999 -9999 -9999 -9999 -9999 -9999 -9999 5508
5354 5355 5350 5341 5306 5276 5276 5292 5231 5207 5243 5307 5305 5267 5258 5259 5285 5326 5334 5307 5311 5323 5301 5309 5317 5337 5344 5317 5279 5291 5274 5256 5256 5229 5141 5132 -9999 5056 -9999 5173 5193 -9999 -9999 -9999 -9999 -9999 -9999 -9999 -9999 -9999 -9999 5059 5092 5121 5235 5296 5307 5322 5282 5309 5287 5289 5259 5204 5187 -9999 -9999 -9999 -9999 -9999 -9999 -9999 -9999 -9999 5436 5352 -9999 -9999 -9999 -9999 -9999 5568 5544 5523
5383 5351 5321 5322 5324 5286 5261 5278 5261 5229 5254 5308 5304 5261 5235 5240 5283 5327 5316 5284 5267 5280 5268 5262 5289 5350 5353 5321 5269 5265 5273 5273 5278 5230 5128 5107 5116 5003 5112 5157 -9999 -9999 -9999 -9999 -9999 -9999 -9999 -9999 -9999 -9999 -9999 -9999 5113 5181 5290 5352 5363 5365 5360 5359 5301 5271 5292 5250 5198 5206 -9999 -9999 -9999 -9999 -9999 -9999 -9999 -9999 5441 -9999 5402 -9999 -9999 -9999 -9999 -9999 5572 5548
5395 5355 5331 5320 5317 5269 5293 5272 5255 5232 5220 5289 5316 5275 5275 5272 5305 5323 5307 5264 5237 5227 5233 5246 5270 5321 5316 5290 5301 5260 5278 5287 5261 5234 5157 5137 5120 4938 5055 -9999 -9999 -9999 -9999 -9999 -9999 -9999 -9999 -9999 -9999 -9999 -9999 -9999 -9999 -9999 5359 5363 5362 5384 5411 5387 5318 5301 5394 5340 -9999 5231 -9999 -9999 -9999 -9999 -9999 5452 5429 5303 -9999 -9999 -9999 -9999 -9999 -9999 -9999 -9999 5607 -9999
5333 5373 5374 5349 5293 5268 5356 5277 5266 5281 5264 5305 5304 5278 5317 5322 5347 5330 5302 5275 5230 5208 5219 5220 5249 5293 5316 5315 5352 5309 5287 5276 5262 5246 5195 5157 5076 -9999 -9999 -9999 -9999 -9999 -9999 -9999 -9999 -9999 -9999 -9999 -9999 -9999 -9999 -9999 -9999 -9999 -9999 5348 5352 5331 5333 5331 -9999 -9999 -9999 -9999 -9999 5267 5236 5278 5372 5358 -9999 5434 -9999 -9999 -9999 -9999 -9999 -9999 -9999 -9999 -9999 -9999 -9999 -9999
5270 5352 5372 5356 5289 5270 5278 5317 5304 5326 5302 5291 5303 5305 5311 5308 5353 5346 5310 5281 5235 5214 5221 5228 5238 5273 5320 5364 5390 5336 5277 5260 5262 5264 5244 5153 5020 4951 4924 4991 -9999 -9999 -9999 -9999 -9999 -9999 -9999 -9999 -9999 -9999 -9999 -9999 -9999 -9999 -9999 -9999 5344 5278 5257 -9999 -9999 -9999 -9999 -9999 -9999 5318 5311 5298 5367 5370 5352 5371 5296 -9999 -9999 -9999 -9999 -9999 -9999 -9999 -9999 -9999 -9999 -9999
5248 5268 5315 5294 5289 5291 5319 5349 5330 5319 5303 5309 5314 5335 5329 5315 5315 5295 5285 5272 5253 5242 5255 5248 5222 5262 5315 5339 5366 5330 5262 5266 5277 5308 5310 5231 5044 4994 4926 4972 -9999 -9999 -9999 -9999 5326 -9999 -9999 -9999 -9999 -9999 -9999 -9999 -9999 -9999 -9999 -9999 -9999 5426 -9999 -9999 -9999 -9999 -9999 -9999 5411 5408 -9999 5350 5388 5421 5430 -9999 5247 -9999 5276 -9999 -9999 -9999 -9999 -9999 -9999 -9999 -9999 -9999
5257 5253 5314 5300 5255 5273 5311 5330 5350 5335 5315 5317 5313 5314 5337 5329 5295 5284 5301 5290 5259 5232 5261 5232 5212 5279 5308 5340 5354 5341 5288 5285 5282 5309 5294 -9999 5051 5072 4968 -9999 4990 -9999 -9999 5260 5371 -9999 5451 -9999 -9999 5523 5491 5393 -9999 -9999 -9999 5318 5330 -9999 -9999 -9999 -9999 -9999 -9999 -9999 5397 5418 5427 -9999 -9999 5444 5399 5311 5268 -9999 -9999 -9999 -9999 -9999 -9999 -9999 -9999 -9999 -9999 5313
5311 5298 5322 5302 5239 5254 5297 5313 5350 5353 5328 5321 5298 5269 5313 5328 5324 5296 5316 5316 5271 5212 5249 5266 5265 5290 5332 5331 5327 5340 5315 5312 5292 5256 5186 5101 -9999 -9999 -9999 -9999 5045 5216 -9999 5378 5429 5440 5471 5477 5465 5463 5448 5440 5434 -9999 5386 5352 5348 5366 -9999 5381 -9999 -9999 -9999 5393 -9999 -9999 -9999 5426 5481 -9999 5370 5323 5338 -9999 -9999 -9999 -9999 -9999 5449 -9999 -9999 -9999 -9999 -9999
5356 5381 5370 5328 5276 5289 5325 5309 5328 5328 5316 5313 5297 5256 5261 5286 5275 5257 5275 5287 5267 5214 5262 5276 5248 5208 5311 5344 5340 5318 5305 5310 5283 5194 5122 -9999 -9999 -9999 -9999 4951 -9999 5210 5279 5368 5398 5436 5490 -9999 5461 5459 5468 5443 5423 5422 5427 5405 5370 5362 5372 5350 5281 -9999 -9999 5371 5410 -9999 5350 5379 5450 -9999 -9999 5450 -9999 -9999 -9999 5408 5413 5377 5387 5291 -9999 -9999 -9999 -9999
5381 5395 5374 5336 5316 5312 5331 5323 5324 5300 5307 5275 5271 5275 5229 5253 5247 5246 5260 5259 5283 5254 5238 5233 5154 5110 5182 5302 5326 5286 5284 5292 5245 5148 5120 5134 5097 5030 -9999 -9999 -9999 -9999 -9999 5344 5355 -9999 -9999 -9999 -9999 5486 5489 5528 5431 5454 5455 5434 5398 5359 5337 5312 5282 5264 5302 5310 5279 -9999 5289 5230 -9999 -9999 -9999 -9999 -9999 -9999 -9999 5336 5323 5282 5282 5276 5294 5292 -9999 -9999
5416 5385 5344 5291 5314 5312 5300 5283 5290 5281 5293 5290 5297 5284 5254 5262 5276 5255 5245 5250 5272 5274 5270 5216 5072 5062 5101 5190 5231 5240 5256 5215 5179 5137 5080 5069 5095 5047 5082 5060 -9999 -9999 -9999 -9999 -9999 -9999 -9999 -9999 -9999 -9999 -9999 -9999 5442 5443 5419 5427 5402 5342 5327 5320 5317 5305 5279 5291 5195 5146 5216 5204 -9999 -9999 -9999 -9999 -9999 -9999 -9999 5301 5313 5347 5329 5297 5321 5320 5312 -9999
5416 5374 5285 5257 5268 5275 5243 5180 5198 5251 5266 5265 5285 5291 5290 5293 5264 5203 5211 5212 5214 5243 5277 5218 -9999 -9999 5126 5171 5233 5204 5177 5133 5118 5097 5018 4990 -9999 5224 5232 5150 5134 -9999 -9999 -9999 -9999 -9999 -9999 -9999 -9999 -9999 5408 5397 5358 5375 5394 5399 5386 5385 5382 5369 5345 5320 5288 5248 5190 5104 5013 5103 5255 -9999 -9999 -9999 -9999 -9999 5200 5352 5373 5395 5397 5337 5315 5313 5287 -9999
5402 5377 5316 5263 5205 5218 5232 5170 5180 5203 5231 5240 5269 5297 5322 5304 5235 5176 5195 5169 5125 -9999 5163 5121 5103 5055 5086 5178 5233 5274 5231 5160 5070 5068 5077 5129 5248 5301 5217 5172 5145 -9999 -9999 -9999 -9999 -9999 -9999 -9999 5292 5229 5240 5244 5275 5296 5338 5410 5397 5370 5362 5318 5269 5299 5308 5231 5168 5164 5063 5045 -9999 -9999 -9999 -9999 -9999 -9999 5208 5346 5426 5411 5432 5380 5368 5314 5298 -9999
5399 5363 5340 5287 5211 5227 5283 5206 5160 5115 5192 5213 5242 5292 5322 5311 5269 5241 5210 5177 5077 -9999 -9999 5181 5157 5105 5101 5150 5206 5311 -9999 -9999 5194 5251 5304 5307 5301 5320 5277 5265 5230 -9999 -9999 -9999 -9999 -9999 -9999 -9999 -9999 5211 5188 5166 5138 5099 5190 5355 5312 5282 5293 5273 5250 5323 5297 5219 5196 5215 5140 5036 -9999 -9999 4960 -9999 5075 -9999 5274 5367 5397 5405 5410 5359 5341 5300 5301 -9999
5393 5361 5321 5267 5225 5183 5220 5184 5153 5099 5176 5223 5237 5273 5308 5295 5281 5305 5243 5191 5151 -9999 -9999 -9999 5146 5136 5085 -9999 -9999 5226 -9999 -9999 -9999 5316 5374 5377 5354 5358 5348 5330 5298 5243 5134 -9999 -9999 -9999 -9999 -9999 -9999 5182 5238 5215 5113 5115 5193 5338 5333 5305 5276 5275 5207 5194 5158 5140 5187 5193 5200 5082 5126 -9999 -9999 -9999 4993 5102 5236 5288 5335 5397 5364 5340 5329 -9999 -9999 5247
5357 5379 5307 5245 5216 5139 5162 5166 5165 5141 5202 5251 5257 5280 5291 5275 5276 5267 5218 5196 5234 5311 -9999 -9999 -9999 -9999 -9999 -9999 -9999 5308 5320 5322 5377 5427 5407 5394 5387 5378 5352 5337 5317 5287 5247 5177 -9999 5206 -9999 -9999 5156 5124 5215 5221 5181 5190 5270 5356 5372 5344 5296 5277 5244 5201 5181 5207 5245 5196 5194 5141 5036 5006 -9999 -9999 5177 5181 5222 5229 5292 5358 5344 5334 5329 5330 5287 5177
5360 5367 5301 5248 5200 5148 5150 5184 5191 5187 5229 5278 5291 5319 5302 5290 5281 5237 5208 5186 5195 -9999 -9999 -9999 -9999 5344 -9999 5333 5313 5318 5318 5353 5378 5425 5436 5430 5393 5349 5318 5300 5303 5282 5267 5259 5233 5265 -9999 -9999 5249 5261 -9999 5275 5304 5302 5309 5357 5359 5325 5288 5289 5291 5247 5207 5259 5272 5169 5103 5108 5088 5051 -9999 5298 5341 -9999 5223 5216 5242 5255 5268 5277 5274 5241 5203 5195
5379 5345 5276 5228 5225 5189 5159 5210 5251 5257 5269 5336 5360 5370 5311 5322 5305 5250 5238 5199 5185 -9999 -9999 -9999 -9999 5365 5357 5339 5340 5337 5329 5368 5395 5399 5441 5453 5401 5343 5327 5280 5282 5266 5251 5299 5327 5328 5303 5272 5291 5318 5321 5374 5359 5298 5312 5344 5337 5302 5275 5274 5266 5242 5211 5172 5141 5108 5066 5082 5133 5217 5292 5333 5347 5221 5175 5205 5204 5177 5201 5248 5268 5237 5248 5263
5382 5335 5273 5239 5252 5232 5204 5239 5302 5311 5293 5361 5367 5389 5340 5312 5296 5275 5255 5225 5236 5291 5309 5275 -9999 5389 5396 5374 5370 5358 5325 5348 5388 5381 5392 5391 5377 5384 5366 5304 5285 5280 5280 5294 5308 5311 5297 5281 5267 5275 5319 5359 5319 5269 5300 5285 5279 5238 5238 5246 5246 5216 5217 5182 5122 5126 5083 5089 5178 5249 5236 5230 5269 5216 5192 5217 5228 5216 5257 5284 5282 5264 5235 5278
5368 5339 5284 5248 5232 5256 5260 5276 5389 5428 5327 5339 5353 5346 5312 5294 5301 5319 5272 5239 5238 5273 5314 5330 -9999 5381 5409 5406 5378 5366 5358 5339 5315 5293 5296 5281 5274 5284 5268 5275 5285 5271 5273 5271 5287 5301 5301 5252 5240 5272 5281 5315 5311 5305 5278 5214 5196 5175 5207 5233 5263 5272 5268 5249 5201 5190 5178 5150 5179 5214 5216 5200 5228 5249 5237 5279 5253 5257 5293 5299 5291 5266 5242 5232
5339 -9999 5283 5280 5241 5232 5236 5303 5446 5478 5398 5360 5307 5221 5250 5311 5346 5338 5314 5274 5229 5261 5330 5328 5329 5362 5392 5407 5400 5394 5402 5350 5287 5231 5227 5201 5205 5222 5201 5253 5262 5251 5257 5271 5260 5255 5287 5277 5219 5209 5194 5240 5293 5299 5217 5162 5157 5131 5137 5217 5259 5284 5259 5295 5290 5238 5218 5197 5160 5160 5187 5191 5192 5159 5228 5276 5242 5254 5282 5282 5271 5256 5246 5241
5331 -9999 5243 5269 5250 5202 5231 5290 5344 5398 5394 5377 5345 5302 5280 5314 5358 5349 5337 5297 5237 5218 5256 5266 5277 5290 5310 5375 5362 5370 5381 5328 5266 5239 5276 5219 5171 5191 5192 5203 5224 5241 5236 5198 5202 5202 5226 5233 5236 5192 5178 5205 5247 5197 5156 5133 5142 5132 5189 5242 5259 5265 5245 5258 5265 5219 5175 5157 5135 5125 5158 5187 5126 5064 5177 5205 5214 5245 5236 5241 5214 5164 5166 5195
5347 -9999 -9999 5277 5221 5185 5270 5320 5335 5392 5387 5389 5362 5290 5274 5310 5337 5329 5333 5317 5256 5191 5194 5226 5214 5221 5256 5317 5316 5313 5323 5314 5305 5278 5256 5220 5164 5149 5148 5138 5179 5235 5187 5132 5128 5114 5106 5192 5214 5189 5197 5186 5159 5119 5123 5160 5195 5212 5216 5233 5247 5239 5237 5246 5250 5196 5155 5124 5095 5111 5134 5158 5164 5062 5145 5151 5199 5229 5261 5263 5212 5127 5122 5194
5356 -9999 5314 5271 5203 5181 5281 5263 5302 5344 5321 5350 5328 5301 5315 5326 5327 5336 5316 5316 5258 5233 5216 5233 5233 5217 5226 5315 5320 5300 5326 5325 5304 5282 5246 5235 5186 5118 5094 5117 5164 5224 5195 5152 5104 5012 4999 5109 5171 5195 5204 5165 5132 5158 5208 5221 5222 5242 5233 5220 5231 5238 5255 5285 5256 5174 5130 5109 5089 5119 5095 5141 5199 5138 5156 5150 5191 5221 5279 5253 5222 5186 5170 5220
5315 -9999 5312 5266 5251 5240 5259 5184 5186 5159 5183 5247 5294 5319 5331 5346 5350 5364 5331 5291 5239 5239 5225 5232 5225 5234 5254 5261 5296 5309 5313 5324 5316 5319 5285 5251 5185 5108 5075 5095 5176 5235 5236 5160 5035 4935 4929 4989 5077 5171 5191 5172 5189 5188 5223 5249 5220 5204 5220 5219 5225 5258 5268 5240 5199 5139 5110 5135 5124 5148 5078 5069 5147 5201 5215 5222 5237 5246 -9999 5248 5220 5200 5219 5236
5232 -9999 5287 5248 5233 5244 5252 5232 5223 5168 5158 5177 5260 5331 5369 5364 5356 5355 5328 5284 5237 5228 5227 5207 5230 5255 5263 5244 5267 5290 5284 5309 5312 5280 5253 5241 5199 5163 5123 5172 5226 5172 5190 5151 5000 4915 4873 4921 5024 5138 5185 5155 5163 5156 5174 5186 5194 5200 5205 5191 5152 5176 5193 5178 5156 5132 5113 5163 5219 5210 5131 5103 5169 5234 5267 5278 5259 -9999 -9999 5240 5228 5221 5235 5250
5258 -9999 5276 5221 5186 5247 5265 5231 5242 5198 5149 5171 5291 5386 5379 5380 5357 5348 5316 5274 5229 5197 5197 5210 5236 5227 5237 5265 5260 5271 5279 5286 5270 5238 5242 5235 5222 5222 5226 5279 5258 5142 5088 5076 4998 4967 4921 4914 5013 5115 5178 5143 5151 5130 5091 5095 5111 5119 5145 5107 5089 5120 5134 5132 5074 5054 5065 5105 5181 5219 5196 5169 5192 5201 5236 5273 -9999 -9999 -9999 -9999 5219 5228 5235 5255
-9999 -9999 -9999 5307 5329 5382 5324 5227 5197 5232 5158 5176 5243 5331 5354 5389 5371 5362 5323 5269 5212 5187 5216 5243 5233 5201 5213 5261 5267 5266 5289 5306 5287 5225 5192 5201 5216 5233 5248 5271 5244 5178 5077 5046 4992 5000 5015 5043 5125 5189 5170 5140 5143 5134 5113 5077 5027 5023 5063 5072 5099 5112 5114 5105 5009 4942 4987 5004 5089 5159 5197 5218 5187 5161 5221 5258 5179 -9999 5155 5177 5204 5251 5260 5243
5362 -9999 -9999 5297 5350 5398 5326 -9999 5188 5225 5152 5158 5195 5326 5349 5395 5393 5385 5353 5276 5220 5199 5266 5316 5281 5217 5182 5207 5213 5227 5295 5321 5312 5282 5207 5202 5234 5217 5227 5241 5237 5175 5117 5121 5106 5084 5066 5069 5114 5167 5177 5113 5075 5132 5119 5071 4989 4915 4906 4943 5017 5014 5018 5092 5056 4994 5037 5065 5093 5117 5164 5228 5228 5259 5259 5266 5209 5178 5089 5123 5162 5204 5226 5220
5510 -9999 -9999 5244 5315 5340 -9999 5194 5174 5208 -9999 5183 5176 5299 5340 5383 5389 5372 5321 5275 5224 5212 5272 5328 5313 5244 5200 5243 5273 5278 5290 5302 5313 5305 5247 5233 5254 5277 5279 5252 5225 5175 5136 5146 5143 5131 5103 5089 5094 5102 5160 5136 5066 5090 5079 5060 4915 4837 4858 4874 4932 4946 5001 5033 5027 5061 5096 5096 5109 5129 5167 5200 5261 5262 5198 5151 5145 5077 5005 5076 5107 5105 5147 5204
-9999 -9999 5264 5217 5289 5299 -9999 5187 5225 5211 5218 5198 5158 5253 5329 5349 5365 5381 5360 5253 5218 5250 5283 5313 5307 5280 5250 5278 5295 5286 5294 5289 5331 5342 5301 5257 5218 5237 5278 5275 5216 5181 5141 5152 5127 5144 5127 5136 5133 5110 5082 5090 5016 5053 5083 5061 4914 4877 4861 4890 4947 4962 5047 5023 5039 5080 5117 5119 5145 5180 5210 5239 5264 5251 5182 5046 5030 5080 5099 5152 5155 5152 5208 5204
-9999 -9999 5372 5372 5336 5305 5242 5286 5315 5232 5181 5144 5135 5226 5315 5345 5356 5354 5326 5305 5320 5303 5289 5285 5293 5265 5227 5199 5196 5271 5332 5288 5300 5334 5301 5297 5240 5198 5197 5217 5196 5193 5093 5112 5105 5133 5130 5144 5148 5115 5057 5027 4999 5079 5138 5099 4986 4958 4953 4970 5026 5008 4993 5000 5075 5126 5129 5143 5183 5212 5239 5261 5243 5197 5149 5059 5028 5136 5188 5222 5218 5198 5142 5141
-9999 -9999 -9999 5442 5460 5397 5354 5352 5318 5259 5187 5127 5137 5229 5330 5365 5340 5313 5315 5356 5322 5288 5292 5301 5261 5175 5176 5177 5212 5283 5329 5337 5329 5288 5267 5310 5278 5207 5154 5185 5224 5228 5138 5096 5107 5120 5129 5111 5074 5050 5048 5042 5062 5110 5103 5104 5064 5006 4985 5015 5073 5058 5022 5067 5141 5164 5141 5150 5146 5141 5190 5199 5178 5125 5088 5102 5104 5184 5209 5216 5215 5213 5169 5119
