data/prepareddata/MRC_n_sl4_VM.asc
ncols        98
nrows        102
xllcorner    553665.498394084047
yllcorner    5112101.329324090853
cellsize     250.000000000000
NODATA_value -9999
[rows 0 to 33 of 102, columns 0 to 76 of 98]
13415 13408 13336 13256 13195 13175 13141 13199 13047 13083 13174 13078 13157 13265 13267 13246 13237 13221 13233 13255 13223 13262 13291 13277 13283 13233 13096 13050 13098 13067 12979 13111 13141 13179 13219 13203 13159 13202 13230 13253 13128 13168 13357 13318 13358 13386 13348 13303 13252 13169 13113 13198 13362 13203 13251 13204 -9999 -9999 -9999 13197 -9999 -9999 13225 13182 13154 13159 13165 13106 13049 -9999 -9999 -9999 -9999 -9999 -9999 -9999 -9999
13464 13407 13348 13274 13219 13203 13165 13118 13043 13108 13165 13116 13168 13184 13157 13286 13292 13239 13238 13291 13265 13273 13316 13296 13317 13240 13171 13096 13095 13058 12942 13156 13177 13203 13255 13215 13143 13280 13300 13211 13331 13422 13437 13327 13312 13399 13380 13277 13254 13223 13111 13184 13313 13217 13180 -9999 -9999 -9999 -9999 13097 -9999 -9999 13173 13120 13115 13141 -9999 -9999 12979 12953 -9999 -9999 -9999 -9999 -9999 -9999 -9999
13443 13338 13317 13299 13208 13207 13137 13044 12937 13006 13091 13125 13131 13084 13032 13220 13234 13223 13236 13295 13234 13260 13319 13294 13146 13217 13217 13113 13051 13076 13044 13161 13186 13196 13247 13215 13202 13288 13329 13270 13434 13476 13449 13413 13404 13504 13442 13317 13295 13234 13208 13207 13220 13206 13100 -9999 -9999 -9999 -9999 -9999 -9999 13262 13139 13085 13065 13019 -9999 -9999 -9999 -9999 -9999 -9999 -9999 -9999 -9999 -9999 -9999
13382 13340 13345 13308 13190 13125 13096 13112 13075 13021 13022 13104 13112 13088 13005 13102 13181 13202 13238 13281 13244 13299 13302 13239 13147 13211 13183 13043 13019 13061 13092 13161 13180 13247 13255 13237 13253 13266 13300 13291 13368 13479 13487 13493 13513 13548 13473 13314 13309 13258 13208 13141 13157 13074 12976 13186 -9999 -9999 -9999 -9999 13169 -9999 13047 13072 13028 -9999 -9999 -9999 -9999 -9999 -9999 -9999 -9999 -9999 -9999 -9999 -9999
13386 13349 13338 13326 13213 13116 13094 13110 13085 12994 13013 13070 13051 13154 13012 13022 13153 13197 13242 13249 13205 13238 13247 13175 13247 13225 13153 13051 13017 13049 13086 13060 13077 13246 13262 13278 -9999 -9999 13244 13207 13287 13391 13556 13519 13506 13488 13401 13262 -9999 -9999 13155 13114 13118 13045 12938 13136 13246 13269 -9999 13119 13126 13035 13012 12965 12902 -9999 -9999 -9999 -9999 -9999 -9999 -9999 -9999 -9999 -9999 -9999 -9999
13370 13339 13331 13284 13191 13087 13074 13117 13077 12935 12992 13084 13116 13143 13053 13042 13133 13186 13144 13146 13204 13225 13146 13187 13293 13234 13214 13145 13043 13076 13099 13089 13039 13219 13224 13196 -9999 12986 -9999 13223 13254 -9999 -9999 -9999 -9999 -9999 -9999 -9999 -9999 -9999 -9999 13095 13060 13065 13014 12912 13108 13200 13072 13086 13019 12999 12968 12879 12881 -9999 -9999 -9999 -9999 -9999 -9999 -9999 -9999 -9999 13004 12930 -9999
13354 13318 13292 13232 13139 13061 13052 13091 13115 13025 13016 13122 13101 13068 13049 13100 13142 13146 13064 13100 13180 13118 13076 13249 13278 13237 13235 13192 13059 13055 13111 13131 13000 13171 13189 13145 13052 13037 13155 13197 -9999 -9999 -9999 -9999 -9999 -9999 -9999 -9999 -9999 -9999 -9999 -9999 13045 13083 13104 13053 13049 13028 13061 13062 12999 13018 13007 12952 12924 12910 -9999 -9999 -9999 -9999 -9999 -9999 -9999 -9999 13001 -9999 12976
13338 13323 13290 13201 13100 13036 13071 13085 13155 13137 13088 13087 12935 12930 13055 13101 13105 13071 13080 13062 13153 13145 13199 13242 13277 13250 13273 13258 13124 13056 13150 13201 13012 13155 13177 13136 13077 13029 13170 -9999 -9999 -9999 -9999 -9999 -9999 -9999 -9999 -9999 -9999 -9999 -9999 -9999 -9999 -9999 13142 13118 13036 13009 13072 13078 13034 13038 13080 13040 -9999 12928 -9999 -9999 -9999 -9999 -9999 13021 13005 12888 -9999 -9999 -9999
13315 13320 13294 13247 13122 13068 13142 13089 13185 13212 13181 13115 12896 12951 13093 13108 13151 13084 13099 12952 13101 13160 13176 13221 13271 13248 13274 13269 13171 13106 13158 13192 13071 13185 13245 13167 13081 -9999 -9999 -9999 -9999 -9999 -9999 -9999 -9999 -9999 -9999 -9999 -9999 -9999 -9999 -9999 -9999 -9999 -9999 13151 13062 13058 13073 13072 -9999 -9999 -9999 -9999 -9999 12954 12964 12959 13011 12868 -9999 12905 -9999 -9999 -9999 -9999 -9999
13255 13279 13305 13281 13173 13122 13072 13075 13137 13219 13200 13119 12904 12986 13079 13088 13144 13113 13116 13061 13134 13167 13018 13113 13262 13269 13267 13264 13231 13155 13161 13223 13159 13215 13304 13215 13108 13045 13003 13069 -9999 -9999 -9999 -9999 -9999 -9999 -9999 -9999 -9999 -9999 -9999 -9999 -9999 -9999 -9999 -9999 13103 13057 13033 -9999 -9999 -9999 -9999 -9999 -9999 13019 13073 13100 13068 12940 12910 12915 12889 -9999 -9999 -9999 -9999
13183 13218 13247 13236 13161 13151 13142 13105 13103 13178 13199 13138 13036 13091 13127 13098 13111 13071 13068 13154 13166 13164 13062 13127 13254 13280 13278 13245 13257 13213 13171 13251 13312 13321 13216 13287 13163 13144 13007 13032 -9999 -9999 -9999 -9999 13116 -9999 -9999 -9999 -9999 -9999 -9999 -9999 -9999 -9999 -9999 -9999 -9999 13097 -9999 -9999 -9999 -9999 -9999 -9999 13159 13130 -9999 13144 13112 13046 13046 -9999 12943 -9999 12945 -9999 -9999
13150 13173 13203 13195 13110 13116 13169 13147 13146 13177 13181 13128 13097 13120 13175 13155 13162 13041 13012 13128 13171 13140 13126 13193 13253 13298 13298 13286 13302 13278 13146 13095 13315 13378 13180 -9999 13179 13209 13036 -9999 12933 -9999 -9999 13102 13109 -9999 13018 -9999 -9999 13147 13093 12931 -9999 -9999 -9999 13096 13087 -9999 -9999 -9999 -9999 -9999 -9999 -9999 13168 13157 13164 -9999 -9999 13113 13074 13044 13046 -9999 -9999 -9999 -9999
13110 13122 13158 13137 13150 13173 13197 13157 13184 13169 13159 13142 13128 13077 13195 13224 13244 13191 13158 13055 13098 13180 13174 13171 13247 13295 13332 13336 13316 13292 13217 13057 13263 13276 13201 13041 -9999 -9999 -9999 -9999 13033 13033 -9999 13137 13142 13124 13083 13115 13112 13107 13089 13078 13063 -9999 13103 13187 13180 13130 -9999 13199 -9999 -9999 -9999 13172 -9999 -9999 -9999 13168 13145 -9999 13098 13045 13090 -9999 -9999 -9999 -9999
13108 13125 13156 13125 13234 13261 13263 13180 13214 13179 13195 13228 13188 13133 13188 13196 13202 13206 13246 13146 13139 13190 13216 13167 13169 13230 13299 13340 13318 13290 13299 13145 13220 13113 13094 -9999 -9999 -9999 -9999 12985 -9999 13117 13159 13196 13172 13126 13103 -9999 13146 13162 13155 13139 13086 13097 13137 13189 13203 13142 13170 13153 13160 -9999 -9999 13226 13235 -9999 13259 13187 13176 -9999 -9999 13157 -9999 -9999 -9999 13076 13121
13123 13129 13161 13197 13238 13298 13300 13260 13262 13234 13258 13261 13262 13246 13243 13230 13212 13227 13258 13254 13178 13214 13229 13119 13113 13147 13205 13327 13343 13318 13322 13201 13161 13187 13175 13207 13108 12991 -9999 -9999 -9999 -9999 -9999 13200 13149 -9999 -9999 -9999 -9999 13215 13201 13255 13102 13162 13194 13224 13246 13182 13157 13125 13178 13210 13211 13243 13205 -9999 13183 13115 -9999 -9999 -9999 -9999 -9999 -9999 -9999 13082 13085
13153 13105 13126 13210 13222 13269 13269 13241 13220 13232 13254 13271 13315 13249 13260 13312 13331 13355 13349 13338 13284 13288 13221 13101 13114 13142 13197 13251 13199 13285 13299 13233 13217 13232 13172 13141 13175 13068 13056 13002 -9999 -9999 -9999 -9999 -9999 -9999 -9999 -9999 -9999 -9999 -9999 -9999 13175 13183 13194 13269 13279 13230 13192 13180 13234 13281 13245 13241 13181 13166 13150 13079 -9999 -9999 -9999 -9999 -9999 -9999 -9999 13128 13109
13178 13141 13104 13184 13214 13227 13237 13214 13186 13214 13253 13303 13338 13244 13240 13338 13317 13300 13325 13345 13331 13280 13192 13121 -9999 -9999 13256 13217 13128 13266 13247 13250 13249 13212 13169 13089 -9999 13095 13072 13028 13060 -9999 -9999 -9999 -9999 -9999 -9999 -9999 -9999 -9999 13167 13157 13161 13124 13193 13262 13259 13285 13287 13275 13270 13274 13276 13219 13160 13109 12999 12983 13023 -9999 -9999 -9999 -9999 -9999 13041 13085 13154
13212 13222 13208 13227 13210 13221 13206 13171 13175 13215 13241 13268 13287 13237 13218 13286 13270 13274 13332 13319 13295 -9999 13171 13139 13112 13085 13177 13247 13280 13339 13308 13307 13212 13181 13171 13135 13175 13112 13116 13094 12996 -9999 -9999 -9999 -9999 -9999 -9999 -9999 13102 13049 13055 13087 13124 13108 13188 13281 13279 13310 13280 13212 13204 13255 13280 13219 13175 13143 13038 13016 -9999 -9999 -9999 -9999 -9999 -9999 13113 13136 13225
13253 13209 13215 13236 13225 13244 13192 13177 13139 13158 13212 13224 13256 13276 13303 13260 13192 13221 13310 13354 13283 -9999 -9999 13258 13241 13131 13122 13214 13278 13333 -9999 -9999 13196 13166 13149 13149 13099 13090 13147 13149 13042 -9999 -9999 -9999 -9999 -9999 -9999 -9999 -9999 13080 13068 13055 13001 12973 13116 13261 13263 13235 13199 13157 13172 13276 13239 13186 13215 13200 13102 13014 -9999 -9999 12830 -9999 12973 -9999 13171 13191 13200
13236 13186 13180 13231 13225 13222 13187 13174 13199 13151 13196 13209 13260 13273 13316 13260 13212 13184 13183 13287 13334 -9999 -9999 -9999 13280 13158 13082 -9999 -9999 13086 -9999 -9999 -9999 13114 13140 13193 13179 13159 13121 13098 13067 13026 12936 -9999 -9999 -9999 -9999 -9999 -9999 13140 13156 13137 13049 13011 13147 13250 13259 13186 13178 13178 13105 13123 13114 13146 13206 13201 13180 13030 12968 -9999 -9999 -9999 12936 13029 13091 13127 13173
13164 13163 13179 13201 13224 13191 13109 13009 13134 13172 13211 13220 13259 13254 13255 13213 13223 13209 13131 13194 13289 13289 -9999 -9999 -9999 -9999 -9999 -9999 -9999 13071 13099 13095 13211 13242 13246 13269 13246 13200 13141 13100 13055 13024 12984 12887 -9999 12935 -9999 -9999 13104 13103 13146 13162 13079 13047 13162 13218 13212 13171 13130 13144 13135 13159 13200 13235 13309 13225 13177 13136 13022 13003 -9999 -9999 13138 13095 13097 13099 13133
13165 13164 13183 13193 13199 13178 13088 13021 13085 13175 13232 13280 13281 13270 13255 13218 13223 13251 13163 13109 13148 -9999 -9999 -9999 -9999 12981 -9999 12908 13074 13150 13140 13150 13188 13225 13259 13289 13276 13244 13179 13142 13100 13051 12978 13000 13003 13012 -9999 -9999 13130 13140 -9999 13117 13113 13147 13163 13183 13192 13181 13133 13148 13201 13250 13278 13346 13379 13274 13166 13134 13082 13018 -9999 13144 13199 -9999 13128 13093 13115
13205 13172 13180 13152 13178 13179 13076 13041 13049 13146 13216 13318 13357 13331 13187 13173 13201 13193 13196 13189 13112 -9999 -9999 -9999 -9999 12994 12969 12976 13068 13133 13155 13183 13157 13155 13218 13228 13220 13194 13213 13176 13149 13107 13080 13202 13174 13103 13099 13105 13118 13139 13143 13209 13240 13195 13182 13204 13172 13136 13139 13177 13214 13235 13259 13289 13254 13169 13148 13115 13067 13097 13139 13162 13172 13115 13089 13075 13078
13205 13152 13172 13186 13230 13204 13094 13093 13147 13237 13243 13331 13365 13329 13221 13141 13155 13145 13193 13212 13145 13202 13261 13064 -9999 13029 13078 13064 13085 13104 13112 13116 13124 13120 13136 13158 13188 13170 13197 13186 13140 13117 13126 13168 13155 13151 13142 13147 13165 13151 13173 13221 13213 13131 13136 13158 13153 13119 13129 13205 13239 13212 13220 13191 13109 13044 13064 13061 12982 13125 13119 13123 13165 13148 13104 13082 13072
13201 13183 13221 13261 13250 13230 13151 13147 13215 13272 13283 13314 13324 13293 13235 13164 13156 13152 13165 13160 13118 13150 13186 13132 -9999 13096 13152 13146 13081 13069 13081 13071 13049 13018 13014 13053 13100 13093 13069 13092 13126 13144 13149 13136 13147 13184 13164 13172 13211 13260 13268 13264 13239 13232 13157 13062 13072 13105 13185 13232 13259 13229 13219 13172 13104 13100 13154 13170 13040 13094 13136 13145 13154 13177 13141 13143 13142
13244 -9999 13246 13334 13357 13313 13230 13270 13248 13244 13291 13327 13290 13175 13161 13167 13176 13131 13110 13103 13084 13114 13160 13132 13110 13129 13140 13126 13060 13043 13063 13042 12987 12957 12999 13007 13040 13082 13030 13074 13124 13106 13093 13140 13115 13127 13166 13176 13170 13223 13207 13320 13326 13294 13209 13074 13061 13034 13128 13219 13215 13205 13186 13206 13209 13173 13194 13183 13072 13076 13154 13163 13154 13135 13176 13182 13145
13249 -9999 13329 13367 13383 13315 13252 13220 13231 13279 13295 13311 13277 13218 13187 13181 13168 13132 13108 13073 13057 13047 13057 13049 13060 13075 13039 13052 13004 13022 13039 13019 13005 13005 13096 13099 13068 13111 13117 13110 13091 13104 13088 13084 13053 13064 13130 13149 13183 13192 13106 13199 13267 13224 13205 13118 13075 13052 13155 13226 13215 13190 13162 13172 13165 13147 13156 13161 13149 13148 13181 13190 13146 13101 13161 13127 13087
13268 -9999 -9999 13397 13361 13256 13219 13188 13220 13317 13364 13340 13313 13186 13107 13171 13186 13167 13119 13064 13007 12977 12974 12981 12986 13015 13016 13020 13019 13018 13049 13060 13102 13115 13141 13180 13149 13134 13145 13133 13119 13148 13132 13085 13043 12993 13030 13050 13093 13158 13106 13093 13095 13106 13184 13155 13101 13105 13152 13194 13175 13108 13133 13155 13108 13081 13113 13156 13151 13143 13175 13190 13172 13056 13094 13063 13059
13315 -9999 13158 13336 13330 13237 13203 13181 13205 13236 13319 13335 13302 13195 13164 13217 13234 13162 13076 13060 12989 12973 12955 12963 13005 13008 12976 13068 13116 13120 13125 13125 13120 13153 13192 13274 13284 13206 13153 13182 13235 13267 13215 13204 13134 12970 12941 13011 13074 13133 13140 13089 13041 13053 13155 13176 13137 13142 13135 13105 13090 13067 13153 13217 13114 13008 13006 13048 13060 13057 13100 13171 13157 13052 13062 13075 13073
13219 -9999 13173 13260 13288 13234 13172 13146 13144 13127 13207 13303 13301 13298 13327 13315 13301 13262 13163 13093 13044 13033 12969 12959 12991 13013 13025 13069 13159 13168 13143 13200 13236 13240 13266 13350 13334 13234 13199 13221 13310 13331 13331 13298 13191 13039 12948 12951 13005 13101 13159 13116 13081 13098 13116 13184 13148 13119 13117 13050 13030 13043 13130 13148 13065 12998 12979 13021 13059 13027 12994 13008 13066 13086 13085 13124 13092
13153 -9999 13157 13170 13179 13166 13136 13128 13190 13151 13204 13262 13271 13334 13395 13356 13366 13350 13216 13136 13116 13093 13048 13081 13097 13069 13113 13163 13197 13171 13164 13286 13332 13297 13359 13398 13360 13372 13315 13343 13405 13317 13348 13310 13216 13128 12978 12929 12975 13069 13118 13116 13159 13104 13051 13144 13164 13167 13175 13128 13016 12995 13014 13004 12982 13005 12984 13004 13114 13121 13002 12958 13018 13075 13087 13106 13086
13276 -9999 13167 13155 13137 13175 13170 13134 13175 13183 13157 13179 13300 13363 13328 13331 13372 13392 13259 13196 13180 13172 13152 13190 13213 13163 13217 13260 13144 13103 13171 13253 13277 13362 13449 13418 13385 13415 13426 13458 13443 13376 13359 13296 13241 13199 13075 12948 12972 13053 13079 13079 13142 13113 13078 13088 13090 13119 13135 13050 12998 12992 12986 12996 12951 12933 12950 12995 13061 13101 13070 13019 12992 13025 13076 13098 -9999
-9999 -9999 -9999 13330 13338 13332 13249 13165 13154 13215 13133 13124 13249 13364 13327 13322 13340 13381 13285 13242 13231 13231 13265 13292 13290 13212 13196 13208 13204 13235 13257 13240 13264 13315 13281 13277 13308 13388 13431 13438 13422 13392 13350 13282 13149 13145 13119 13029 13048 13053 13025 13040 13079 13045 13037 13039 13022 13046 13096 13068 13060 13025 12999 13032 12923 12890 12908 12905 12996 13037 13072 13054 12973 12999 13068 13135 13193
13298 -9999 -9999 13376 13426 13414 13279 -9999 13224 13276 13156 13107 13199 13326 13334 13384 13385 13393 13325 13244 13207 13216 13294 13331 13280 13245 13187 13311 13450 13491 13487 13451 13442 13434 13314 13233 13242 13263 13284 13346 13386 13374 13327 13263 13174 13106 13087 13051 13036 13043 13005 12975 12963 12970 12977 12970 12930 12907 12944 12987 13076 13031 12958 13023 12980 12961 12985 12964 12986 13018 13035 13035 12979 13015 13075 13168 13198
