data/prepareddata/slopeY.c250.v1.asc
ncols 98
nrows 102
cellsize 250
xllcorner 0
yllcorner 0
NODATA_value -9999
[rows 21 to 41 of 102, columns 0 to 46 of 98]
-0.1094072265625 -0.1187451171875 -0.14353515625 -0.0859990234375 0.0322666015625 -0.138455078125 -0.4006298828125 -0.464896484375 -0.388572265625 -0.2614111328125 -0.106701171875 0.09620703125 0.4799736328125 0.6508330078125 0.6830947265625 0.628087890625 0.500130859375 0.1204453125 -0.2975107421875 -0.3121474609375 -0.21416796875 -0.18671875 -0.1413447265625 -0.121482421875 -0.0611142578125 -0.074646484375 -0.204521484375 -0.2949208984375 -0.0108896484375 0.0961064453125 0.31987109375 0.679302734375 0.789533203125 0.75241796875 0.668734375 0.62195703125 0.589939453125 0.575138671875 0.53139453125 0.5899765625 0.452912109375 0.3101845703125 0.141712890625 0.10516015625 0.048427734375 0.1112177734375 0.0443671875
-0.0077900390625 -0.04580859375 -0.128109375 -0.0622958984375 0.02969140625 0.039744140625 -0.136892578125 -0.296869140625 -0.285947265625 -0.2525185546875 -0.3032451171875 -0.2543525390625 0.10709375 0.3933115234375 0.3846123046875 0.3416064453125 0.423744140625 0.3701650390625 -0.1349951171875 -0.3450283203125 -0.2483828125 -0.1984951171875 -0.185681640625 -0.1675126953125 -0.1337841796875 -0.045751953125 0.19175390625 0.3703505859375 0.5688056640625 0.7982802734375 0.8403740234375 0.7893515625 0.6146005859375 0.506322265625 0.4182890625 0.3921884765625 0.371986328125 0.36473046875 0.3230146484375 0.3201142578125 0.32881640625 0.3345966796875 0.59776953125 0.635365234375 0.5885048828125 0.4975419921875 0.282298828125
-0.0571650390625 0.0633876953125 0.1112373046875 0.104556640625 0.053076171875 0.091640625 0.0103134765625 -0.1762109375 -0.2002314453125 -0.1570673828125 -0.188634765625 -0.1720849609375 -0.1208408203125 0.1984912109375 0.406095703125 0.4673193359375 0.427099609375 0.35229296875 0.4153427734375 0.03395703125 -0.2059365234375 -0.2182353515625 -0.2318076171875 -0.225884765625 -0.1418017578125 0.2601123046875 0.406486328125 0.4992353515625 0.4544521484375 0.6275888671875 0.72587890625 0.6331796875 0.4161650390625 0.3939609375 0.3998642578125 0.2640986328125 0.1790478515625 0.15976171875 0.29625 0.307982421875 0.434234375 0.7344677734375 0.852169921875 0.766546875 0.756203125 0.5866728515625 0.4445458984375
-0.1584482421875 0.0145234375 0.2189970703125 0.245 0.06098828125 0.1559248046875 0.286650390625 0.0690625 -0.0048857421875 0.075900390625 0.051515625 0.020037109375 0.0322568359375 0.10175 0.4634951171875 0.58954296875 0.4616025390625 0.5950244140625 0.8849736328125 0.686552734375 0.2987216796875 0.2135380859375 0.1688583984375 0.1892177734375 0.386494140625 0.6257998046875 0.4933466796875 0.420578125 0.2899638671875 0.221029296875 0.259345703125 0.297201171875 0.294404296875 0.1980576171875 0.1663720703125 0.1940283203125 0.0583984375 -0.031712890625 0.00959375 0.1178037109375 0.343294921875 0.6633359375 0.685373046875 0.648283203125 0.43897265625 0.18253515625 0.166078125
-0.1505009765625 -0.0817060546875 -0.011880859375 0.0244912109375 0.125443359375 0.3643671875 0.496373046875 0.395958984375 0.1875126953125 0.0123466796875 0.0180595703125 0.00616015625 -0.0582939453125 -0.122263671875 0.13870703125 0.38691796875 0.49514453125 0.6591884765625 0.67651953125 0.7053427734375 0.725572265625 0.6834912109375 0.671130859375 0.7019345703125 0.7795771484375 0.713115234375 0.699931640625 0.6040634765625 0.2666005859375 -0.0882763671875 -0.0176943359375 0.1897998046875 0.3887138671875 0.5131962890625 0.3067197265625 0.023029296875 0.0138515625 -0.001923828125 0.088453125 0.319212890625 0.563310546875 0.5226435546875 0.6116650390625 0.603080078125 0.4006455078125 0.26840625 0.22145703125
-0.1067529296875 -0.0961015625 -0.063341796875 0.0598955078125 0.3403330078125 0.38769921875 0.3096943359375 0.4322939453125 0.4832099609375 0.3026591796875 0.109486328125 -0.12523046875 -0.2718779296875 -0.286392578125 -0.1473056640625 0.2938603515625 0.49501171875 0.4836796875 0.3751806640625 0.3622119140625 0.6171728515625 0.762416015625 0.7420966796875 0.7915986328125 0.8599052734375 0.8030849609375 0.7921162109375 0.6884228515625 0.427611328125 0.1345244140625 0.131453125 0.2950869140625 0.4079453125 0.48372900390625 0.503458984375 0.20148828125 0.163765625 0.44768359375 0.622259765625 0.6673388671875 0.673849609375 0.6281435546875 0.4835927734375 0.5281220703125 0.5622060546875 0.6133759765625 0.540806640625
-0.0941396484375 -0.072701171875 0.03899609375 0.20371484375 0.1863798828125 -0.0272041015625 -0.1893623046875 0.2258671875 0.4351357421875 0.486154296875 0.3454755859375 0.13390234375 -0.0514990234375 -0.086642578125 -0.09402734375 0.156232421875 0.538419921875 0.511513671875 0.3145869140625 0.32705078125 0.560568359375 0.5287626953125 0.4729150390625 0.6195458984375 0.6634013671875 0.6031123046875 0.6287646484375 0.657474609375 0.530072265625 0.3958994140625 0.3451416015625 0.3255478515625 0.20225146484375 0.1626103515625 0.29459912109375 0.459236328125 0.529353515625 0.583740234375 0.58453125 0.53081640625 0.5051162109375 0.43110546875 0.373044921875 0.4068896484375 0.4052451171875 0.4018466796875 0.3695771484375
-0.0930673828125 -0.073923828125 -0.096306640625 -0.1484052734375 -0.2115078125 -0.3889873046875 -0.0892041015625 0.1831044921875 0.21760546875 0.33559765625 0.432607421875 0.55389453125 0.4276318359375 0.1673623046875 -0.0561083984375 -0.103203125 0.26963671875 0.439814453125 0.4650673828125 0.5362119140625 0.4502802734375 0.3752080078125 0.4096591796875 0.496947265625 0.5001630859375 0.3662197265625 0.3015615234375 0.43637109375 0.5433671875 0.488701171875 0.31584765625 0.249078125 0.32592431640625 0.18102099609375 0.12299462890625 0.3376064453125 0.44368359375 0.4525546875 0.479810546875 0.5378994140625 0.49550390625 0.44226171875 0.412794921875 0.320166015625 0.2357900390625 0.2321904296875 0.2416552734375
-0.0968515625 -0.092853515625 -0.182763671875 -0.4968916015625 -0.6086123046875 -0.3685751953125 0.07526171875 0.0279873046875 -0.041099609375 0.0057685546875 0.1602451171875 0.31586328125 0.4018115234375 0.322283203125 0.2138046875 0.1366181640625 0.1967705078125 0.34782373046875 0.472767578125 0.56592578125 0.431068359375 0.4556708984375 0.47787109375 0.3948505859375 0.445109375 0.59837890625 0.5032998046875 0.3287197265625 0.47731005859375 0.56481494140625 0.32906640625 0.34011083984375 0.48297216796875 0.388302734375 0.23193505859375 0.36368310546875 0.4901806640625 0.4768974609375 0.493421875 0.59298193359375 0.65147802734375 0.6404541015625 0.45715869140625 0.2587880859375 0.273142578125 0.26131640625 0.142474609375
-0.08289453125 -0.0739599609375 -0.0123173828125 -0.245787109375 -0.4114140625 -0.24325390625 -0.2739130859375 -0.38390234375 -0.3207216796875 -0.2553017578125 -0.2461591796875 -0.33006640625 -0.3120029296875 -0.1377470703125 0.0162138671875 0.0870693359375 0.10330126953125 0.3281220703125 0.3966015625 0.507234375 0.431833984375 0.3919873046875 0.462322265625 0.440783203125 0.5163271484375 0.653064453125 0.6292705078125 0.5314833984375 0.47125048828125 0.69538330078125 0.57462353515625 0.4423671875 0.39137109375 0.3825615234375 0.428517578125 0.47127685546875 0.47086083984375 0.4712587890625 0.38791845703125 0.43555517578125 0.4819638671875 0.40409814453125 0.2750986328125 0.14995068359375 0.171875 0.151806640625 0.15765625
-0.0829755859375 -0.06777734375 0.0729111328125 0.0923720703125 0.1561796875 0.0761953125 -0.23612890625 -0.3971728515625 -0.32676953125 -0.408119140625 -0.4458076171875 -0.4219296875 -0.3139267578125 -0.2090830078125 -0.1833955078125 -0.1846669921875 -0.19927001953125 0.10903076171875 0.419701171875 0.460091796875 0.45289697265625 0.39764453125 0.509810546875 0.59786328125 0.59813037109375 0.5398994140625 0.60489599609375 0.63941552734375 0.635087890625 0.57219384765625 0.6558544921875 0.5785224609375 0.410728515625 0.4212578125 0.441748046875 0.4768388671875 0.439302734375 0.32974169921875 0.18407373046875 0.1108466796875 0.17746044921875 0.19543359375 0.161298828125 0.09417431640625 0.06321875 0.0252236328125 0.1301923828125
-0.091318359375 -0.082796875 0.0364873046875 0.288412109375 0.4303134765625 0.41374609375 0.190791015625 -0.1286884765625 -0.1873720703125 -0.1661162109375 -0.217466796875 -0.1773056640625 -0.12837890625 -0.1000048828125 -0.089576171875 -0.080720703125 -0.1095869140625 -0.1312431640625 0.30966552734375 0.45369580078125 0.414724609375 0.5565517578125 0.68501904296875 0.67877099609375 0.580244140625 0.55635595703125 0.51303271484375 0.52378466796875 0.45734765625 0.40112109375 0.48756591796875 0.3669033203125 0.29811767578125 0.34613623046875 0.3974931640625 0.45958447265625 0.4973447265625 0.41003564453125 0.29659326171875 0.2519013671875 0.22106787109375 0.15623046875 0.1339228515625 0.123970703125 0.072974609375 0.037314453125 0.01476953125
-0.1017587890625 -0.0892109375 -0.064359375 0.15626953125 0.191619140625 0.1643818359375 0.1729326171875 0.0445673828125 -0.17631640625 -0.1995673828125 -0.1728759765625 -0.1026904296875 -0.090759765625 -0.076134765625 -0.0431015625 0.0101533203125 0.1508916015625 0.05927783203125 0.06281005859375 0.32389599609375 0.41353076171875 0.5190751953125 0.58137451171875 0.58369921875 0.57505615234375 0.52402392578125 0.36351123046875 0.0937197265625 -0.040328125 -0.08105078125 -0.09150634765625 -0.0688369140625 -0.00674658203125 0.19284326171875 0.42778173828125 0.44297119140625 0.37467529296875 0.4109609375 0.460779296875 0.3909765625 0.12034130859375 0.0458427734375 0.07536669921875 0.1216982421875 0.098126953125 0.0474228515625 0.0915419921875
-0.1088837890625 -0.07850390625 -0.135662109375 -0.1123916015625 -0.062294921875 -0.025328125 0.0215537109375 -0.02577734375 -0.2478134765625 -0.2902919921875 -0.2246865234375 -0.1610537109375 -0.097623046875 -0.07883984375 -0.123224609375 -0.1748251953125 -0.09622021484375 0.0819716796875 0.039751953125 0.1654521484375 0.41885791015625 0.41866845703125 0.3522099609375 0.3539189453125 0.34280810546875 0.19421826171875 -0.08011669921875 -0.4273203125 -0.51327099609375 -0.53690869140625 -0.5404677734375 -0.43736767578125 -0.27973828125 -0.07336767578125 0.13927490234375 0.26185888671875 0.33045263671875 0.39276708984375 0.482546875 0.35799755859375 0.23447314453125 0.1741630859375 0.2001904296875 0.4252138671875 0.52408447265625 0.64812744140625 0.74644873046875
-0.0766279296875 -0.129919921875 -0.3154853515625 -0.324765625 -0.26589453125 -0.2636376953125 -0.3028974609375 -0.240513671875 -0.1680751953125 -0.2051337890625 -0.201185546875 -0.1801845703125 -0.1041865234375 -0.0999755859375 -0.1428857421875 -0.217875 -0.38283251953125 -0.33327294921875 -0.23093994140625 -0.10164306640625 0.15139013671875 0.14865380859375 0.04711181640625 -0.06340673828125 -0.20888427734375 -0.3913056640625 -0.53591455078125 -0.57136083984375 -0.5962978515625 -0.5935087890625 -0.60576904296875 -0.6236259765625 -0.524361328125 -0.38106396484375 -0.26368505859375 -0.09892626953125 0.18322509765625 0.31235107421875 0.3675244140625 0.4134765625 0.4761884765625 0.3976796875 0.3893662109375 0.489439453125 0.6080703125 0.71134619140625 0.7689970703125
-0.0751533203125 -0.2559599609375 -0.455142578125 -0.6169111328125 -0.6609169921875 -0.6402275390625 -0.5435537109375 -0.1618466796875 0.115119140625 0.1099150390625 0.144283203125 0.1008193359375 -0.0284833984375 -0.13128125 -0.187859375 -0.26761328125 -0.3333984375 -0.29275390625 -0.14066357421875 -0.03498779296875 -0.00336669921875 -0.0304169921875 -0.194265625 -0.49858447265625 -0.721255859375 -0.75796923828125 -0.70562255859375 -0.64734912109375 -0.79051220703125 -0.9301494140625 -0.8649267578125 -0.67278662109375 -0.5609140625 -0.663193359375 -0.58797900390625 -0.4835537109375 -0.2104013671875 0.03061328125 0.1546669921875 0.2794228515625 0.45045849609375 0.418923828125 0.34475341796875 0.2975 0.34234228515625 0.4611845703125 0.42894775390625
-0.17554296875 -0.4561044921875 -0.424080078125 -0.368951171875 -0.6462294921875 -0.6383798828125 -0.1549775390625 0.16410546875 0.266076171875 0.305662109375 0.3244931640625 0.3365087890625 0.260685546875 0.1593330078125 0.000572265625 0.0413173828125 0.26195703125 0.28775927734375 0.28368359375 0.178904296875 -0.12319189453125 -0.2043154296875 -0.31763427734375 -0.58019189453125 -0.7446181640625 -0.663166015625 -0.591802734375 -0.5204267578125 -0.5957421875 -0.891146484375 -0.8608076171875 -0.75965966796875 -0.71114404296875 -0.55516357421875 -0.45031494140625 -0.39203076171875 -0.4028447265625 -0.25324609375 0.00243115234375 0.10923583984375 0.1797861328125 0.2367548828125 0.18626708984375 0.1287998046875 0.1251181640625 0.2360244140625 0.31375927734375
-0.1489033203125 -0.22685546875 -0.234537109375 -0.1865556640625 -0.174580078125 -0.045240234375 0.170203125 0.1991083984375 0.2145224609375 0.177705078125 0.08192578125 0.1636103515625 0.2050888671875 0.3915634765625 0.4916572265625 0.3918095703125 0.462447265625 0.499994140625 0.3017080078125 -0.1079970703125 -0.48773095703125 -0.50996533203125 -0.12844091796875 -0.03110302734375 -0.34478515625 -0.5608828125 -0.4768642578125 -0.3814560546875 -0.2339970703125 -0.1828564453125 -0.4427158203125 -0.5328525390625 -0.557337890625 -0.47850537109375 -0.4339697265625 -0.400640625 -0.448591796875 -0.42293896484375 -0.2486318359375 -0.022498046875 0.05939892578125 0.116837890625 0.15152734375 0.1084423828125 0.10925927734375 0.06131103515625 0.0012109375
-0.024248046875 0.240908203125 0.126865234375 -0.017623046875 0.149962890625 0.427185546875 0.3468701171875 0.2801650390625 0.2330615234375 0.150748046875 0.0315595703125 -0.0078251953125 0.088212890625 0.1486123046875 0.38763671875 0.57795068359375 0.4969189453125 0.27709765625 -0.13780419921875 -0.46962744140625 -0.47884912109375 -0.3475693359375 -0.1262177734375 0.1087958984375 0.15055078125 -0.2129658203125 -0.26662890625 -0.1222861328125 0.0286669921875 0.2655419921875 0.10684375 -0.2517607421875 -0.5821953125 -0.664052734375 -0.6481455078125 -0.591125 -0.462994140625 -0.4051123046875 -0.444423828125 -0.30831591796875 -0.0100576171875 0.1613203125 0.1716083984375 0.11144287109375 0.035783203125 -0.10843701171875 -0.157103515625
-0.06697265625 0.0366767578125 0.1221767578125 0.0853857421875 0.153068359375 0.2655361328125 0.2002568359375 0.1984404296875 0.1671513671875 0.1534677734375 0.1839892578125 0.081556640625 0.0042158203125 -0.079349609375 0.0304345703125 0.3751171875 0.23021875 -0.04901123046875 -0.3393564453125 -0.49584619140625 -0.4331162109375 -0.3752978515625 -0.311396484375 -0.06351953125 0.144634765625 0.1179833984375 -0.0683837890625 -0.13384765625 -0.099333984375 -0.045046875 -0.008265625 -0.351205078125 -0.603796875 -0.515435546875 -0.4533984375 -0.25879736328125 -0.12393212890625 -0.205802734375 -0.45488720703125 -0.49246484375 -0.1528671875 0.1158603515625 0.12829736328125 0.10398095703125 0.0189208984375 -0.0285400390625 -0.0087236328125
-0.1384189453125 -0.1727666015625 -0.0628291015625 -0.01978125 0.006375 0.0599326171875 0.07553515625 0.11199609375 0.1396640625 0.1350087890625 0.17405859375 0.17396875 0.1630419921875 0.1521796875 0.135107421875 0.080654296875 -0.06641259765625 -0.2172607421875 -0.4047265625 -0.48565234375 -0.4152119140625 -0.44702197265625 -0.5413037109375 -0.22530517578125 0.110029296875 0.328119140625 0.3322490234375 0.066298828125 -0.0972578125 -0.086076171875 -0.0618427734375 -0.050232421875 -0.0179619140625 -0.026552734375 0.03973828125 0.00924072265625 -0.197796875 -0.38921044921875 -0.4781552734375 -0.3823662109375 -0.226224609375 0.09053271484375 0.17510791015625 0.14049267578125 0.06475 0.0614453125 0.03552392578125
