data/prepareddata/slopeX.c250.v1.asc
ncols 98
nrows 102
cellsize 250
xllcorner 0
yllcorner 0
NODATA_value -9999
[rows 42 to 62 of 102, columns 47 to 93 of 98]
0.3714091796875 0.35898095703125 0.1821123046875 0.0657861328125 0.01168896484375 0.10252197265625 0.22912060546875 0.1404130859375 0.193791015625 -0.0867724609375 -0.167703125 -0.18383349609375 -0.27139990234375 -0.34764013671875 -0.44035107421875 -0.46950830078125 -0.46297509765625 -0.1046982421875 0.11234521484375 0.16829248046875 0.48468798828125 0.67048486328125 0.46730126953125 0.23801611328125 0.129919921875 0.1311318359375 0.0979541015625 0.083291015625 0.0844375 0.0824326171875 0.1306181640625 0.079271484375 0.0701962890625 0.1134853515625 0.139380859375 0.269427734375 0.3561337890625 0.3996630859375 0.487208984375 -0.092759765625 -0.305798828125 0.157087890625 -0.068974609375 -0.2332900390625 -0.4369091796875 -0.3336171875 -0.2293955078125
0.4615 0.46132080078125 0.3199384765625 0.10410986328125 0.03818310546875 0.16957421875 0.21001171875 0.1393955078125 0.0932978515625 -0.0607373046875 -0.1543798828125 -0.132669921875 -0.3416171875 -0.54989306640625 -0.6643837890625 -0.4774853515625 -0.2090830078125 -0.0543623046875 0.11340673828125 0.273310546875 0.42944091796875 0.61688037109375 0.612232421875 0.40875390625 0.167505859375 0.100470703125 -0.008767578125 -0.0012275390625 0.051400390625 0.10756640625 0.1581171875 0.1516005859375 0.0779736328125 0.0740830078125 0.21069140625 0.3242470703125 0.3754814453125 0.44422265625 0.3862294921875 -0.1499267578125 -0.2333076171875 0.0820341796875 -0.0193603515625 -0.1195185546875 -0.4482734375 -0.244953125 -0.1767451171875
0.46535595703125 0.427712890625 0.30151806640625 0.11223486328125 0.08906884765625 0.1715888671875 0.2005625 0.2275166015625 0.090212890625 -0.0737861328125 -0.2199560546875 -0.2879150390625 -0.52311962890625 -0.7033779296875 -0.56261474609375 -0.26764599609375 -0.18364697265625 -0.09832568359375 0.26589306640625 0.2402939453125 0.30636669921875 0.504845703125 0.5584150390625 0.37424365234375 0.212576171875 0.1559033203125 0.0771669921875 0.1169833984375 0.0969072265625 0.118052734375 0.1161708984375 0.08140234375 0.0805830078125 0.188779296875 0.3619638671875 0.4311806640625 0.4155048828125 0.245630859375 0.239572265625 -0.0386611328125 -0.1460126953125 -0.0347998046875 -0.054033203125 -0.0315107421875 -0.3507451171875 -0.26914453125 -0.1791396484375
0.48239892578125 0.41123583984375 0.19750341796875 0.04703759765625 -0.0232275390625 0.0949638671875 0.17965966796875 0.3005712890625 0.1753056640625 -0.0922783203125 -0.207177734375 -0.480400390625 -0.65614404296875 -0.6998916015625 -0.2147822265625 -0.1120068359375 -0.3363369140625 0.203095703125 0.596625 0.116658203125 0.07128076171875 0.2154775390625 0.38101171875 0.25605078125 0.1361494140625 0.178470703125 0.340521484375 0.3471708984375 0.15521484375 0.0769892578125 0.052751953125 0.0825556640625 0.11171484375 0.28625 0.4523349609375 0.532205078125 0.516888671875 0.100201171875 0.112171875 -0.060890625 -0.0468701171875 -0.0082255859375 0.0023720703125 0.0305634765625 -0.3451357421875 -0.400787109375 -0.18280859375
0.49895703125 0.26116943359375 0.024126953125 -0.0188828125 0.10836474609375 0.20159130859375 0.25675537109375 0.17731298828125 0.12657568359375 -0.10377099609375 -0.29361962890625 -0.45568896484375 -0.6974912109375 -0.60232080078125 -0.09787890625 0.01528076171875 -0.04498583984375 0.63430029296875 0.79262548828125 0.1268564453125 -0.0652158203125 0.01251025390625 0.03560791015625 0.17785205078125 0.30595947265625 0.22711865234375 0.40412109375 0.3532841796875 0.102076171875 0.0713671875 0.060974609375 0.109146484375 0.16338671875 0.332712890625 0.479181640625 0.50739453125 0.607251953125 0.170939453125 0.143359375 -0.089591796875 -0.0827109375 0.01760546875 0.0435517578125 0.0817587890625 -0.120234375 -0.60564453125 -0.3472177734375
0.43753515625 0.29065087890625 0.05353466796875 0.03648828125 0.2613291015625 0.23199658203125 0.2406669921875 0.1862880859375 0.091583984375 -0.18160205078125 -0.2621669921875 -0.5884921875 -0.74351904296875 -0.39004638671875 -0.18096875 0.08892578125 0.3732138671875 0.77066259765625 0.78585107421875 0.4151044921875 0.09374365234375 0.021076171875 -0.07976611328125 -0.04225390625 0.37174072265625 0.2773544921875 0.256265625 0.269087890625 0.1758330078125 0.1570224609375 0.074771484375 0.075609375 0.20148828125 0.346201171875 0.5275205078125 0.5886025390625 0.621892578125 0.2765107421875 0.0100615234375 -0.114982421875 -0.0898564453125 0.0439111328125 0.0869453125 0.0915380859375 0.0012939453125 -0.3128564453125 -0.3348896484375
0.40102978515625 0.2872802734375 0.12855126953125 0.224904296875 0.2925537109375 0.17837939453125 0.19629541015625 0.2431767578125 0.112841796875 -0.25777587890625 -0.2817021484375 -0.72303076171875 -0.67062939453125 -0.340876953125 -0.090953125 0.27018408203125 0.51380712890625 0.7762734375 0.77342431640625 0.69150341796875 0.29389013671875 -0.0207783203125 -0.04306396484375 -0.06300634765625 0.21346630859375 0.18193798828125 0.1479169921875 0.2289013671875 0.3017470703125 0.2171376953125 0.1553876953125 0.101306640625 0.2274765625 0.3901953125 0.58465625 0.7109130859375 0.7754189453125 0.0907939453125 -0.15348828125 -0.1123125 -0.1083828125 0.0240283203125 0.0895087890625 -0.1654599609375 -0.2032099609375 -0.11621484375 -0.053068359375
0.34087158203125 0.29222216796875 0.32417724609375 0.416677734375 0.16648681640625 0.09716455078125 0.15536962890625 0.2194375 0.04650732421875 -0.36823046875 -0.413189453125 -0.6038046875 -0.43170751953125 -0.121734375 0.195517578125 0.49986474609375 0.47443701171875 0.77406298828125 0.7578388671875 0.6120947265625 0.36590966796875 0.009970703125 -0.0557763671875 -0.06266064453125 0.06135205078125 0.11717578125 0.1735986328125 0.207982421875 0.2207841796875 0.2084072265625 0.2872119140625 0.31841796875 0.3098974609375 0.437490234375 0.7024169921875 0.6583310546875 0.6627890625 -0.012177734375 -0.1764072265625 -0.1480927734375 -0.2432626953125 -0.10671484375 0.01200390625 -0.3036748046875 -0.218212890625 -0.0603642578125 -0.0977158203125
0.2338115234375 0.46481787109375 0.48854541015625 0.1714833984375 0.02542626953125 -0.00455810546875 0.114552734375 0.0147568359375 -0.0919580078125 -0.24887744140625 -0.32896533203125 -0.4005361328125 -0.20441748046875 0.08909912109375 0.55040185546875 0.6490224609375 0.34252294921875 0.51931201171875 0.545783203125 0.6735517578125 0.5494091796875 0.0754814453125 -0.06119921875 0.0050908203125 0.1061689453125 0.0283837890625 0.140173828125 0.14730078125 0.158908203125 0.2940009765625 0.459546875 0.484994140625 0.4489765625 0.4978701171875 0.5359208984375 0.2092978515625 0.275435546875 0.27473046875 -0.15093359375 -0.30721484375 -0.426951171875 -0.1291328125 0.0842353515625 -0.1871025390625 -0.2865927734375 -0.032453125 -0.088443359375
0.197634521484375 0.5056943359375 0.27951318359375 0.01303076171875 0.00128125 -0.08563427734375 0.03493408203125 -0.0181640625 -0.06164892578125 -0.137228515625 -0.24312158203125 -0.176650390625 0.03513720703125 0.28230078125 0.78369140625 0.5223837890625 0.26399658203125 0.4069931640625 0.4438193359375 0.563634765625 0.61194580078125 0.194083984375 -0.0123369140625 0.0621162109375 0.194421875 -0.014080078125 -0.0029208984375 0.1730498046875 0.2341591796875 0.395583984375 0.5604462890625 0.5884755859375 0.4539951171875 0.2780380859375 0.134607421875 0.1013984375 0.198912109375 0.218556640625 -0.2929560546875 -0.31106640625 -0.274787109375 -0.0766240234375 -0.0531181640625 -0.176265625 -0.1768837890625 -0.0349365234375 -0.1183828125
0.071311767578125 0.25529931640625 0.1531337890625 0.0535478515625 0.00329931640625 -0.0497109375 -0.05822119140625 -0.01859619140625 -0.04489404296875 -0.0323310546875 -0.0456943359375 0.06841455078125 0.23729541015625 0.4807998046875 0.79969970703125 0.50913037109375 0.31806689453125 0.4078369140625 0.34081103515625 0.2339072265625 0.4009423828125 0.3262216796875 0.162138671875 0.18437109375 0.2809873046875 0.1782451171875 -0.0759111328125 0.1974150390625 0.3019619140625 0.3537861328125 0.5563486328125 0.4574140625 0.1704970703125 0.0360888671875 0.06315234375 0.1344912109375 0.2735888671875 0.239197265625 -0.3594794921875 -0.32575390625 -0.2464365234375 -0.1291865234375 -0.0820419921875 -0.2298154296875 -0.194779296875 -0.106021484375 -0.059509765625
0.00328173828125 0.0548564453125 0.082702392578125 0.040379150390625 0.00045703125 0.000568359375 -0.040843017578125 0.00218408203125 0.037730224609375 0.071362548828125 0.1134453125 0.21039013671875 0.38811962890625 0.59205126953125 0.78840869140625 0.59972900390625 0.18105615234375 0.2763359375 0.4420361328125 0.2583115234375 0.1729677734375 0.2370302734375 0.349783203125 0.37964453125 0.311884765625 0.324658203125 0.195166015625 0.3732265625 0.1939208984375 0.017654296875 0.1381572265625 0.1093310546875 0.02426953125 -0.008220703125 0.0818017578125 0.2175908203125 0.3434765625 0.3987021484375 -0.3549853515625 -0.4586796875 -0.2932578125 -0.15253515625 -0.1263291015625 -0.205966796875 -0.2412666015625 -0.2034912109375 -0.1369716796875
0.088483154296875 0.135101318359375 -0.017191162109375 -0.044291259765625 -0.016385498046875 0.012208984375 0.090331298828125 0.151510986328125 0.1236748046875 0.0905849609375 0.19516162109375 0.30245458984375 0.4937470703125 0.59137646484375 0.50996435546875 0.56573046875 0.33872265625 0.18736572265625 0.370720703125 0.28637451171875 0.131515625 0.2513857421875 0.44146484375 0.4096689453125 0.43428125 0.260958984375 0.2529482421875 0.195369140625 -0.1582734375 -0.215291015625 -0.0014189453125 0.0476953125 0.0058486328125 -0.0225322265625 0.168646484375 0.3437841796875 0.467021484375 0.4193828125 -0.3073271484375 -0.6464033203125 -0.328498046875 -0.1776650390625 -0.1378154296875 -0.168142578125 -0.2513349609375 -0.320138671875 -0.2994580078125
0.270300537109375 0.18039404296875 0.05021826171875 -0.02810693359375 -0.009724609375 0.096283203125 0.1949150390625 0.2520126953125 0.13535888671875 0.0272216796875 0.2094736328125 0.40853173828125 0.56836376953125 0.5491240234375 0.13173193359375 0.33331640625 0.543884765625 0.36288134765625 0.233240234375 0.2242666015625 0.116021484375 0.30387890625 0.4802431640625 0.5241640625 0.4356474609375 0.01133203125 -0.23343359375 -0.0629970703125 -0.1602216796875 -0.174146484375 -0.0395966796875 0.01208984375 0.119603515625 0.1742724609375 0.2382666015625 0.37803125 0.4024423828125 0.2718896484375 -0.2977958984375 -0.564091796875 -0.41643359375 -0.204564453125 -0.183654296875 -0.2093212890625 -0.259337890625 -0.3776025390625 -0.409869140625
0.340474365234375 0.16045947265625 0.00793896484375 0.08677294921875 0.181283203125 0.22597509765625 0.25941943359375 0.30279052734375 0.23212353515625 0.04627587890625 0.22046484375 0.37663818359375 0.43504248046875 0.45629052734375 0.08581005859375 0.15173046875 0.58197705078125 0.48582470703125 0.1813818359375 0.206443359375 0.26990234375 0.547248046875 0.5231298828125 0.2144921875 -0.2644267578125 -0.2783125 -0.178978515625 -0.170197265625 -0.237103515625 -0.18173046875 -0.01880859375 0.0815078125 0.283248046875 0.4002880859375 0.35491796875 0.349775390625 0.3330146484375 0.252609375 -0.371826171875 -0.5502265625 -0.418658203125 -0.197154296875 -0.2972421875 -0.3318359375 -0.2159873046875 -0.249111328125 -0.2384326171875
0.414654296875 0.211869140625 -0.02949365234375 0.1141279296875 0.1856396484375 0.25342919921875 0.3952548828125 0.387501953125 0.393890625 0.16215869140625 0.134017578125 0.354408203125 0.437384765625 0.36568994140625 -0.02075341796875 0.15005908203125 0.43052392578125 0.4233623046875 0.331908203125 0.252171875 0.3831943359375 0.52540625 0.0591484375 -0.224537109375 -0.344197265625 -0.20934765625 -0.1670390625 -0.25446875 -0.1562158203125 -0.0709482421875 0.0586474609375 0.1051328125 0.262416015625 0.4794072265625 0.4373623046875 0.37994921875 0.503732421875 0.305408203125 -0.5405947265625 -0.64915234375 -0.3777060546875 -0.2126064453125 -0.2553076171875 -0.2101962890625 -0.094517578125 -0.10233984375 -0.161970703125
0.45328076171875 0.09462353515625 0.051166015625 0.1789697265625 0.1771708984375 0.15651708984375 0.3704677734375 0.42672021484375 0.52859375 0.37826708984375 0.1219638671875 0.2845927734375 0.46137744140625 0.37668359375 0.030748046875 0.1190537109375 0.3291640625 0.491591796875 0.480810546875 0.2912744140625 0.055720703125 -0.1257109375 -0.3153095703125 -0.2144990234375 -0.1487490234375 -0.1208984375 -0.1921455078125 -0.17507421875 0.0057197265625 0.05163671875 0.073390625 0.1574541015625 0.3225244140625 0.5555478515625 0.594458984375 0.4677724609375 0.48458984375 0.201005859375 -0.533556640625 -0.6576455078125 -0.398501953125 -0.260220703125 -0.1402763671875 -0.1066767578125 -0.041478515625 0.023880859375 0.04495703125
0.62136279296875 0.050251953125 -0.06404052734375 0.12952734375 0.17828369140625 0.13098046875 0.39545361328125 0.542181640625 0.532931640625 0.51517822265625 0.24675390625 0.1779873046875 0.32318212890625 0.357345703125 0.219193359375 0.3498662109375 0.458650390625 0.4435810546875 0.2394169921875 -0.226673828125 -0.4852001953125 -0.3788056640625 -0.2728486328125 -0.14426171875 -0.0691298828125 -0.0553388671875 -0.0735166015625 0.0264697265625 0.0869853515625 0.1635263671875 0.2316982421875 0.294689453125 0.329794921875 0.515349609375 0.6115859375 0.477359375 0.532345703125 -0.0249072265625 -0.4473076171875 -0.46371875 -0.3748466796875 -0.21101953125 -0.1454189453125 -0.1758134765625 -0.0412138671875 0.2231025390625 0.05557421875
0.9577705078125 0.44397119140625 -0.13302392578125 0.0844462890625 0.20791748046875 0.08994677734375 0.3029501953125 0.56874169921875 0.5377861328125 0.54566748046875 0.38243798828125 0.1082724609375 0.170193359375 0.3447099609375 0.33422265625 0.594888671875 0.3378076171875 -0.1822421875 -0.218392578125 -0.3185400390625 -0.487041015625 -0.324498046875 -0.145349609375 -0.053705078125 0.0070927734375 0.02432421875 0.0313720703125 0.1234443359375 0.1654697265625 0.322388671875 0.581158203125 0.439904296875 0.20928515625 0.308181640625 0.4209619140625 0.5001552734375 0.5656708984375 -0.2531484375 -0.3408486328125 -0.0673134765625 -0.106861328125 -0.25526171875 -0.292318359375 -0.196970703125 -0.1135693359375 -0.1346962890625 -0.19975390625
1.006726806640625 0.74758447265625 0.22924365234375 0.2384912109375 0.19493701171875 0.1137900390625 0.20159423828125 0.4670927734375 0.4946357421875 0.40160546875 0.52542529296875 0.19669140625 0.05220703125 0.2982666015625 0.275611328125 0.5249853515625 -0.0980400390625 -0.5335498046875 -0.4140029296875 -0.3972783203125 -0.3442314453125 0.01845654296875 0.03768115234375 0.0410595703125 0.0872763671875 0.0883798828125 0.0365517578125 0.101337890625 0.24001953125 0.3623330078125 0.6735361328125 0.5212783203125 0.292337890625 0.393009765625 0.2560791015625 0.4019365234375 0.5016513671875 -0.398515625 -0.4044921875 -0.087484375 0.1715 0.1423173828125 -0.3993427734375 -0.4631640625 -0.33485546875 -0.4457177734375 -0.3296142578125
0.815867431640625 0.86465576171875 0.57793310546875 0.32350244140625 0.2917138671875 0.2199521484375 0.3116171875 0.43348388671875 0.4056435546875 0.35384228515625 0.58087109375 0.1678798828125 0.0622890625 0.3954658203125 0.1469462890625 -0.0764619140625 -0.38363671875 -0.582521484375 -0.57613232421875 -0.38406640625 -0.04306494140625 0.48441552734375 0.26663623046875 0.053619140625 0.1604296875 0.1692509765625 -0.0567158203125 -0.05905859375 0.16089453125 0.2668134765625 0.4080634765625 0.4534833984375 0.310103515625 0.400552734375 0.379537109375 0.5732041015625 0.2103349609375 -0.3043544921875 -0.371216796875 -0.1755751953125 -0.03480859375 0.4003857421875 0.0574541015625 -0.4812021484375 -0.3668681640625 -0.5563759765625 -0.509728515625
