data/prepareddata/slopeX.c250.v1.asc
ncols 98
nrows 102
cellsize 250
xllcorner 0
yllcorner 0
NODATA_value -9999
[rows 63 to 83 of 102, columns 0 to 46 of 98]
0.350810546875 -0.060189453125 -0.0199189453125 -0.052064453125 -0.181349609375 -0.1842470703125 -0.1675205078125 0.0960673828125 0.2808359375 0.2385087890625 0.51626953125 0.274994140625 -0.292765625 -0.13706640625 -0.0711640625 -0.1896025390625 -0.1304521484375 -0.2216083984375 -0.16811328125 0.251298828125 0.1939501953125 0.05201953125 0.2520400390625 -0.080904296875 -0.3266650390625 -0.0766328125 -0.1487216796875 -0.1782080078125 -0.2442353515625 -0.3294091796875 -0.3251796875 -0.455193359375 -0.53324951171875 -0.50034130859375 -0.4630634765625 -0.38058984375 -0.214126953125 -0.0312939453125 0.037271484375 -0.006037109375 -0.18503955078125 -0.4646708984375 -0.65272216796875 -0.744484375 -0.744716552734375 -0.31255908203125 0.380435302734375
0.1321591796875 -0.292248046875 -0.1162314453125 -0.0304296875 -0.12779296875 -0.2309345703125 -0.2433037109375 0.1370126953125 0.3586904296875 0.4830751953125 0.5957236328125 0.0847197265625 -0.448580078125 -0.33366796875 0.1132060546875 -0.2047041015625 -0.22628515625 -0.055986328125 0.194501953125 0.1347939453125 0.06056640625 -0.1133955078125 0.099693359375 -0.088064453125 -0.3170146484375 -0.133470703125 -0.03259375 -0.1033603515625 -0.043798828125 -0.28208203125 -0.2889140625 -0.374619140625 -0.5010791015625 -0.50533642578125 -0.4410380859375 -0.34322900390625 -0.2451396484375 -0.0445927734375 0.159380859375 0.0741103515625 -0.32532177734375 -0.60433984375 -0.6885283203125 -0.72318994140625 -0.684854736328125 -0.3770615234375 0.281851318359375
-0.122720703125 -0.338716796875 -0.1491123046875 -0.092546875 -0.104798828125 -0.21700390625 -0.198302734375 0.24214453125 0.54941015625 0.606576171875 0.492251953125 0.17560546875 -0.5775595703125 -0.404181640625 -0.1521826171875 -0.2082998046875 -0.145974609375 0.076412109375 0.1672216796875 0.080736328125 -0.0587060546875 -0.249841796875 -0.0221630859375 -0.0709365234375 -0.135904296875 -0.0816220703125 -0.0423330078125 -0.0677861328125 -0.030990234375 -0.1781865234375 -0.24769140625 -0.3186240234375 -0.41881201171875 -0.45349267578125 -0.3420791015625 -0.2823173828125 -0.22834375 -0.252486328125 -0.1970390625 0.1023466796875 -0.195740234375 -0.403501953125 -0.64072412109375 -0.70782861328125 -0.710085205078125 -0.40785009765625 0.095925048828125
-0.2052333984375 -0.2475537109375 -0.1777685546875 -0.2241552734375 -0.1722275390625 -0.0908408203125 0.1348955078125 0.44888671875 0.6464599609375 0.66114453125 0.6468115234375 0.024681640625 -0.5987314453125 -0.457310546875 -0.3176064453125 -0.35173828125 -0.308609375 0.005353515625 0.146763671875 -0.0064228515625 -0.1272080078125 -0.2250068359375 -0.128626953125 -0.075923828125 -0.0346376953125 -0.0157080078125 -0.0356708984375 -0.04780078125 -0.06535546875 -0.19003125 -0.2688232421875 -0.25817431640625 -0.36551806640625 -0.48225732421875 -0.28274609375 -0.110943359375 -0.19608837890625 -0.30133154296875 -0.46433056640625 -0.13843505859375 -0.2146748046875 -0.266681640625 -0.26027392578125 -0.4414990234375 -0.716089599609375 -0.487711669921875 -0.0105048828125
-0.1757197265625 -0.2449345703125 -0.23905078125 -0.258708984375 -0.084654296875 0.1103955078125 0.42390234375 0.4835400390625 0.54970703125 0.7875361328125 0.6812197265625 -0.0525908203125 -0.3381455078125 -0.5137880859375 -0.3664970703125 -0.52271875 -0.5708935546875 -0.2515361328125 -0.00703515625 -0.0944619140625 -0.0920458984375 -0.1249814453125 -0.1249375 -0.06957421875 -0.0357021484375 0.0274033203125 -0.0159658203125 -0.11498828125 -0.17589404296875 -0.18052490234375 -0.24621826171875 -0.25295166015625 -0.2524150390625 -0.40271923828125 -0.3747236328125 -0.22561083984375 -0.18500439453125 -0.19608740234375 -0.237837890625 -0.2489306640625 -0.30535791015625 -0.297861328125 -0.2129873046875 -0.295041015625 -0.456734619140625 -0.448982177734375 -0.071469970703125
-0.200861328125 -0.3410107421875 -0.2035517578125 0.03559375 0.100228515625 0.238220703125 0.4874609375 0.49969921875 0.48733203125 0.8210947265625 0.4768720703125 -0.2423408203125 -0.2838544921875 -0.203826171875 -0.370091796875 -0.65687109375 -0.479556640625 -0.290484375 -0.2654228515625 -0.2007646484375 -0.0818857421875 -0.043798828125 -0.0647587890625 -0.0614208984375 -0.078255859375 -0.10788720703125 -0.088140625 -0.09571826171875 -0.16043603515625 -0.13688623046875 -0.13565283203125 -0.18062353515625 -0.2067578125 -0.4318837890625 -0.46347607421875 -0.29831591796875 -0.23288232421875 -0.18163916015625 -0.15200048828125 -0.19619384765625 -0.32012353515625 -0.3115 -0.273095703125 -0.268174560546875 -0.310796630859375 -0.342177001953125 -0.16159619140625
-0.322404296875 -0.22225927734375 0.11767138671875 0.286955078125 0.2712021484375 0.38891015625 0.562978515625 0.6092939453125 0.3835595703125 0.442625 0.1932880859375 -0.349931640625 -0.4760615234375 -0.11470703125 -0.022234375 -0.4320712890625 -0.3641904296875 -0.322962890625 -0.3016396484375 -0.18158203125 -0.0533974609375 -0.059830078125 -0.1396728515625 -0.09958984375 -0.084505859375 -0.14117431640625 -0.20923193359375 -0.11686181640625 -0.04974609375 -0.1023369140625 -0.09293896484375 -0.1167421875 -0.12555029296875 -0.34289404296875 -0.408125 -0.28208837890625 -0.15328515625 -0.227623046875 -0.364037109375 -0.2923017578125 -0.2889716796875 -0.3039599609375 -0.2196748046875 -0.11159423828125 -0.42353125 -0.604750732421875 -0.296157958984375
-0.23423876953125 0.04634033203125 0.31597607421875 0.4180419921875 0.4669658203125 0.5191962890625 0.483533203125 0.5832265625 0.17802734375 -0.01178515625 0.0454814453125 -0.33315234375 -0.5461904296875 -0.12628515625 0.0414326171875 -0.0296220703125 -0.1083359375 -0.2798583984375 -0.26130078125 -0.240076171875 -0.0264970703125 -0.0487919921875 -0.1676796875 -0.1518046875 -0.112513671875 -0.1773037109375 -0.1842548828125 -0.10423876953125 -0.04659716796875 -0.084103515625 -0.0522236328125 -0.04049560546875 -0.02836083984375 -0.30870703125 -0.4098134765625 -0.25826904296875 -0.1620966796875 -0.2135029296875 -0.32183642578125 -0.3293779296875 -0.2554130859375 -0.311630859375 -0.15345263671875 -0.2340751953125 -0.73335107421875 -0.72079296875 -0.416930908203125
-0.00970068359375 0.19690576171875 0.40025 0.506517578125 0.53346875 0.599302734375 0.3665400390625 0.1065546875 -0.1079287109375 -0.080080078125 0.1219345703125 -0.1664296875 -0.5315029296875 -0.174859375 -0.0897587890625 -0.0507509765625 0.208720703125 0.1659453125 -0.1942197265625 -0.3057138671875 -0.09966796875 -0.00297265625 -0.156341796875 -0.2019033203125 -0.161154296875 -0.165412109375 -0.0501318359375 -0.1651962890625 -0.058390625 -0.0108349609375 0.077025390625 0.052654296875 -0.1201650390625 -0.3728154296875 -0.39679443359375 -0.35093798828125 -0.30846533203125 -0.2599501953125 -0.2660986328125 -0.0945791015625 -0.00201904296875 -0.26190283203125 -0.3361328125 -0.54339208984375 -0.728732421875 -0.690458740234375 -0.63413134765625
0.2429658203125 0.33314404296875 0.4550947265625 0.50526171875 0.3327421875 0.34119921875 0.0459970703125 -0.0975810546875 0.023212890625 0.0570712890625 0.0921005859375 -0.0037685546875 -0.4128212890625 -0.28068359375 -0.1446611328125 -0.2468837890625 0.197271484375 0.5633388671875 0.1046455078125 -0.28538671875 -0.21188671875 0.0273330078125 -0.1128251953125 -0.1949833984375 -0.115888671875 -0.1600078125 -0.0178369140625 -0.157564453125 -0.0537001953125 0.033306640625 0.10898828125 -0.16701171875 -0.2877353515625 -0.27410498046875 -0.2828720703125 -0.36781494140625 -0.387888671875 -0.30283544921875 -0.0865048828125 0.06821142578125 -0.04938134765625 -0.32042529296875 -0.51077490234375 -0.616748046875 -0.649294921875 -0.69524365234375 -0.681443359375
0.47906884765625 0.3982978515625 0.2531123046875 0.1057236328125 0.1103408203125 0.2050712890625 0.0577109375 0.0005556640625 0.1897021484375 0.0773466796875 0.112552734375 0.23034375 -0.0744619140625 -0.3755048828125 -0.3053916015625 -0.5072265625 0.014416015625 0.56282421875 0.578994140625 0.0750341796875 -0.3295791015625 -0.0424990234375 -0.1231708984375 -0.1515126953125 -0.0961083984375 -0.1438583984375 -0.0344560546875 -0.094580078125 -0.0027783203125 0.113310546875 -0.176296875 -0.4004599609375 -0.2707255859375 -0.23371337890625 -0.31738427734375 -0.30520068359375 -0.262408203125 -0.16497021484375 0.0566572265625 0.00637841796875 -0.22516943359375 -0.4570859375 -0.58897216796875 -0.663388671875 -0.664490234375 -0.625734130859375 -0.532179931640625
0.38298583984375 0.155060546875 0.042841796875 0.0187158203125 0.209365234375 0.19203125 0.1369326171875 0.1045595703125 0.208865234375 0.215375 0.29066015625 0.2895966796875 0.1003525390625 -0.419525390625 -0.4555673828125 -0.5934248046875 -0.2603955078125 0.3476025390625 0.707818359375 0.4804638671875 -0.084142578125 -0.1424638671875 -0.1525576171875 -0.1314296875 -0.0949775390625 -0.1046337890625 -0.0194580078125 -0.0523349609375 0.070892578125 -0.159400390625 -0.3719013671875 -0.29251953125 -0.2462392578125 -0.28653955078125 -0.32779833984375 -0.2066728515625 -0.10826123046875 0.04892919921875 0.0887138671875 -0.1837822265625 -0.32420849609375 -0.4711767578125 -0.58718505859375 -0.62795751953125 -0.681904296875 -0.63044189453125 -0.47332470703125
0.16019140625 0.0987265625 0.1045556640625 0.0968857421875 0.30191796875 0.2695322265625 0.3104033203125 0.2120732421875 0.165431640625 0.1912353515625 0.338298828125 0.26626953125 0.0277607421875 -0.337970703125 -0.5073212890625 -0.6920927734375 -0.431861328125 0.1368935546875 0.50985546875 0.5804580078125 0.44617578125 -0.1489140625 -0.2528193359375 -0.2294697265625 -0.1276943359375 0.01309765625 0.1206279296875 0.0217607421875 -0.1178427734375 -0.2924951171875 -0.2299150390625 -0.1860869140625 -0.1882470703125 -0.2773935546875 -0.29238720703125 -0.20932275390625 0.04639697265625 0.2759541015625 -0.0417109375 -0.31194482421875 -0.3995009765625 -0.447080078125 -0.5722158203125 -0.57991259765625 -0.64196533203125 -0.596173828125 -0.51293212890625
0.15089453125 0.164115234375 0.1930791015625 0.1294814453125 0.153671875 0.211712890625 0.30828515625 0.36045703125 0.265806640625 -0.0172294921875 0.15584765625 0.0724248046875 0.007888671875 0.0080673828125 -0.62553125 -0.765890625 -0.451638671875 -0.0486279296875 0.2967548828125 0.6531669921875 0.6476943359375 -0.0379794921875 -0.3331767578125 -0.367986328125 -0.262154296875 0.0290185546875 0.3648896484375 0.278201171875 -0.202 -0.218869140625 -0.1552978515625 -0.034873046875 -0.1889111328125 -0.307515625 -0.29398828125 -0.1338662109375 0.2846416015625 0.1879091796875 -0.3183310546875 -0.344115234375 -0.34894189453125 -0.44804052734375 -0.58604931640625 -0.5363623046875 -0.55413232421875 -0.58161181640625 -0.5749560546875
0.162326171875 0.2788408203125 0.2193330078125 0.1625224609375 0.118109375 0.0668955078125 0.1569072265625 0.268419921875 0.0894208984375 -0.155341796875 0.093294921875 0.068939453125 0.165109375 -0.0677998046875 -0.4895263671875 -0.6193349609375 -0.623876953125 -0.24448828125 0.228013671875 0.738666015625 0.703216796875 0.1579375 -0.307505859375 -0.4748828125 -0.38579296875 -0.0517119140625 0.3314931640625 0.3620859375 0.06468359375 0.00923046875 -0.0404033203125 -0.0374111328125 -0.326328125 -0.2981416015625 -0.1922880859375 0.052087890625 0.289154296875 -0.0749833984375 -0.403140625 -0.38019970703125 -0.36970947265625 -0.459451171875 -0.499251953125 -0.46776220703125 -0.47670849609375 -0.567396484375 -0.529546875
0.2119306640625 0.42869873046875 0.3601630859375 0.270080078125 0.1935390625 0.060193359375 0.01760546875 -0.0821611328125 -0.103060546875 0.0230546875 0.162220703125 0.2344765625 0.2417275390625 -0.259546875 -0.369140625 -0.495150390625 -0.76172119140625 -0.34089013671875 0.15096484375 0.6277392578125 0.7671494140625 0.34315625 -0.3885517578125 -0.3603701171875 -0.3437705078125 -0.1112275390625 0.133400390625 0.244365234375 0.262234375 0.383681640625 0.0305244140625 -0.1480029296875 -0.26374609375 -0.1963359375 -0.0062421875 0.13904296875 0.19069140625 -0.347736328125 -0.4368994140625 -0.3929111328125 -0.254830078125 -0.284998046875 -0.42714453125 -0.42908056640625 -0.51413671875 -0.58217041015625 -0.51919580078125
0.34002392578125 0.4332939453125 0.265689453125 0.3146494140625 0.2330078125 0.0137841796875 -0.07390625 -0.1529599609375 0.0311552734375 0.275533203125 0.2646884765625 0.2314951171875 0.0387763671875 -0.1058828125 -0.2899072265625 -0.390140625 -0.62581884765625 -0.5138359375 0.016734375 0.51757568359375 0.777525390625 0.5351240234375 -0.1757841796875 -0.3622265625 -0.501146484375 -0.2950478515625 0.03455078125 0.1957607421875 0.35975390625 0.2807607421875 -0.09023828125 0.164486328125 0.1091591796875 -0.098228515625 0.036451171875 0.23992578125 0.089390625 -0.49673828125 -0.379330078125 -0.3095751953125 -0.16973046875 -0.3049921875 -0.46466357421875 -0.39490771484375 -0.47687646484375 -0.576375 -0.45388330078125
0.4783759765625 0.2859169921875 0.12528662109375 0.3827392578125 0.14325537109375 -0.03424072265625 -0.11103662109375 -0.03171630859375 0.2255458984375 0.433685546875 0.382880859375 0.0335791015625 -0.2698193359375 -0.0230888671875 0.1259228515625 -0.0653388671875 -0.5425390625 -0.71491162109375 -0.16889599609375 0.41959326171875 0.74255810546875 0.6175166015625 0.1117197265625 -0.4788056640625 -0.6172021484375 -0.41152001953125 -0.0163232421875 0.22085498046875 0.3359375 0.1297646484375 -0.1450341796875 0.2258798828125 0.245333984375 0.194421875 0.2794970703125 0.3713330078125 -0.0446201171875 -0.581771484375 -0.466572265625 -0.3340576171875 -0.40621142578125 -0.42814794921875 -0.43453564453125 -0.43927392578125 -0.45537109375 -0.40713671875 -0.32127294921875
0.4748955078125 0.055642578125 0.210423828125 0.3359931640625 0.0396953125 -0.10090869140625 -0.05132568359375 0.204251953125 0.51182177734375 0.47483447265625 0.1559619140625 -0.19902734375 -0.37061669921875 -0.122080078125 0.23308837890625 0.2803583984375 -0.27947216796875 -0.71901708984375 -0.31365966796875 0.32455419921875 0.64307861328125 0.51165869140625 0.199380859375 -0.2964814453125 -0.457564453125 -0.48861669921875 -0.27993212890625 0.16782177734375 0.29419140625 0.10672607421875 -0.11601904296875 0.2234541015625 0.26598681640625 0.3113701171875 0.475005859375 0.4364423828125 -0.282154296875 -0.5911162109375 -0.5632119140625 -0.4279482421875 -0.44260205078125 -0.5167529296875 -0.40880517578125 -0.4831982421875 -0.47771923828125 -0.2883837890625 -0.27397021484375
0.27270849609375 -0.0941103515625 0.31247119140625 0.19642626953125 0.01892578125 -0.13655322265625 0.1754130859375 0.574572265625 0.70786279296875 0.27059423828125 -0.3155205078125 -0.19525 -0.35526318359375 -0.2408994140625 0.251755859375 0.38864990234375 0.0015966796875 -0.5574169921875 -0.48865234375 0.181078125 0.5800009765625 0.44924755859375 0.1724931640625 -0.03167333984375 -0.33367138671875 -0.44476953125 -0.4952783203125 -0.05913232421875 0.28594775390625 0.12809716796875 -0.00787646484375 0.30617919921875 0.34366162109375 0.34183349609375 0.3692138671875 0.414666015625 -0.2831591796875 -0.57351611328125 -0.56669482421875 -0.53991162109375 -0.46001904296875 -0.51974267578125 -0.44996240234375 -0.43005517578125 -0.46233984375 -0.3293046875 -0.291375244140625
0.00392919921875 -0.0708515625 0.31449951171875 0.08559228515625 0.0017685546875 0.02711669921875 0.56351513671875 0.6693095703125 0.503888671875 0.05234521484375 -0.44174853515625 -0.2446875 -0.22288720703125 -0.36037353515625 0.29905126953125 0.30271728515625 0.19824462890625 -0.19568896484375 -0.6690693359375 -0.009826171875 0.57928564453125 0.150935546875 0.19532373046875 0.38339404296875 -0.18044775390625 -0.43292626953125 -0.5278271484375 -0.328416015625 0.20629296875 0.13715625 0.1363046875 0.37953857421875 0.4197109375 0.3963310546875 0.34135791015625 0.2911416015625 -0.2196455078125 -0.3948916015625 -0.50477587890625 -0.506146484375 -0.47709912109375 -0.467736328125 -0.43957373046875 -0.39540869140625 -0.3544970703125 -0.3672998046875 -0.425531982421875
