data/prepareddata/slopeY.c250.v1.asc
ncols 98
nrows 102
cellsize 250
xllcorner 0
yllcorner 0
NODATA_value -9999
[rows 42 to 62 of 102, columns 47 to 93 of 98]
0.17959814453125 0.08564794921875 0.0099990234375 -0.03938134765625 -0.131361328125 -0.16381005859375 -0.17907861328125 -0.179958984375 -0.0452041015625 0.1545439453125 0.0192373046875 -0.1258330078125 -0.213388671875 -0.18659619140625 -0.13232763671875 0.05028857421875 0.27913134765625 0.28490478515625 0.2747607421875 0.14359033203125 -0.03977392578125 -0.08311376953125 -0.11557763671875 -0.1870654296875 -0.22535302734375 -0.1611865234375 -0.1668232421875 -0.1562109375 -0.1039912109375 -0.059466796875 0.020060546875 -0.019607421875 -0.04238671875 -0.0313671875 -0.041638671875 -0.0576298828125 -0.0442353515625 -0.07842578125 -0.191009765625 -0.188326171875 -0.0858173828125 -0.1572919921875 -0.3829658203125 -0.4318828125 -0.3819453125 -0.2831962890625 -0.2191474609375
0.29124853515625 0.20115771484375 0.09881787109375 -0.03900830078125 -0.07733203125 -0.103826171875 -0.17087841796875 -0.15176953125 -0.150751953125 -0.0502587890625 -0.0762939453125 -0.0896171875 -0.14078076171875 -0.0705634765625 0.131689453125 0.35572216796875 0.36369921875 0.10980712890625 0.05947119140625 0.05840966796875 -0.0466083984375 0.008638671875 0.0622431640625 -0.08268798828125 -0.25342578125 -0.29101171875 -0.2603505859375 -0.15362890625 -0.0691103515625 -0.0360732421875 -0.06120703125 -0.0887060546875 -0.16103515625 -0.1688125 -0.12941015625 -0.200720703125 -0.2555400390625 -0.2748876953125 -0.319447265625 -0.2184677734375 -0.16130078125 -0.2337919921875 -0.15873828125 -0.2083525390625 -0.3221240234375 -0.310759765625 -0.399423828125
-0.15797314453125 -0.1618291015625 -0.12822119140625 -0.10980078125 -0.11792578125 -0.1688115234375 -0.170826171875 -0.161376953125 -0.249498046875 -0.2464130859375 -0.2333642578125 -0.1677880859375 -0.01254296875 0.16895947265625 0.3224443359375 0.22067529296875 0.0108359375 -0.01460009765625 0.02936328125 -0.123123046875 -0.0901064453125 0.0329677734375 0.14500244140625 0.19881982421875 0.233330078125 0.188259765625 0.1328271484375 0.046892578125 -0.071318359375 -0.1168251953125 -0.1273115234375 -0.085365234375 -0.0151669921875 -0.0177763671875 -0.13247265625 -0.2837451171875 -0.3906787109375 -0.4307021484375 -0.2321103515625 -0.085453125 -0.19671875 -0.284013671875 -0.1671796875 -0.1325068359375 -0.2205146484375 -0.31804296875 -0.2938515625
-0.08338916015625 -0.10043212890625 -0.083955078125 0.0200595703125 0.0852568359375 0.19755322265625 0.27417822265625 0.2950810546875 0.2220263671875 0.13693359375 0.15542578125 0.1426474609375 0.3351328125 0.4681572265625 0.4646708984375 0.11683837890625 -0.03880078125 0.11388916015625 -0.1875322265625 -0.51826416015625 -0.39462841796875 -0.15954248046875 0.12982568359375 0.30722900390625 0.425421875 0.5018486328125 0.47928125 0.2159267578125 -0.0142607421875 -0.072568359375 -0.0315048828125 0.0319140625 0.0307607421875 -0.00037109375 -0.097841796875 -0.188212890625 -0.2892373046875 -0.39062109375 -0.24519140625 -0.117791015625 -0.0955615234375 -0.1947041015625 -0.2212783203125 -0.27768359375 -0.3397578125 -0.3453671875 -0.213724609375
0.4263564453125 0.40979833984375 0.55986474609375 0.7332412109375 0.79916162109375 0.6675693359375 0.56094189453125 0.48384619140625 0.6071044921875 0.65583447265625 0.6673271484375 0.75376904296875 0.7290576171875 0.77040478515625 0.672833984375 0.5559306640625 0.42864306640625 0.1372919921875 -0.29391259765625 -0.4899130859375 -0.500111328125 -0.36361474609375 -0.1606474609375 0.18475634765625 0.262955078125 0.09314501953125 0.0444970703125 -0.0191025390625 -0.0252158203125 0.0279228515625 0.033544921875 0.025322265625 -0.0012685546875 -0.0529404296875 -0.0994033203125 -0.12625 -0.101439453125 -0.191802734375 -0.262541015625 -0.293728515625 -0.26502734375 -0.2291865234375 -0.255017578125 -0.296197265625 -0.347392578125 -0.5722939453125 -0.3674365234375
0.783798828125 0.845220703125 0.8157392578125 0.78633154296875 0.73096044921875 0.57799609375 0.5475908203125 0.56367919921875 0.5547041015625 0.58969580078125 0.66752685546875 0.63607421875 0.76887744140625 0.8149052734375 0.602630859375 0.685720703125 0.61207568359375 0.1938759765625 0.057513671875 0.0642880859375 -0.2239599609375 -0.38291943359375 -0.3914853515625 -0.276111328125 -0.05600537109375 -0.12178662109375 -0.1720224609375 -0.0241669921875 0.060029296875 -0.0137275390625 -0.0993828125 -0.1131796875 -0.079642578125 -0.117744140625 -0.131232421875 -0.1795712890625 -0.260779296875 -0.275419921875 -0.3809912109375 -0.247693359375 -0.222302734375 -0.2151572265625 -0.241462890625 -0.2848564453125 -0.2946357421875 -0.4161640625 -0.7089521484375
0.68560400390625 0.722109375 0.72547998046875 0.65046337890625 0.46204736328125 0.43082275390625 0.48443994140625 0.5288115234375 0.4719228515625 0.4506650390625 0.5268388671875 0.5463740234375 0.68091259765625 0.60802294921875 0.558853515625 0.468837890625 0.28757958984375 0.146986328125 0.14137548828125 0.15380224609375 -0.1225966796875 -0.3227431640625 -0.280888671875 -0.3175908203125 -0.29683837890625 -0.13856396484375 -0.0431474609375 0.065201171875 0.1053876953125 -0.0205263671875 -0.0806416015625 -0.1612578125 -0.186955078125 -0.212943359375 -0.2569375 -0.3140732421875 -0.4363837890625 -0.58991015625 -0.404193359375 -0.2406435546875 -0.2433134765625 -0.224787109375 -0.204904296875 -0.2074677734375 0.0495302734375 0.2540341796875 0.057392578125
0.545193359375 0.6053515625 0.60040966796875 0.40478369140625 0.21301025390625 0.3390771484375 0.4202919921875 0.4612177734375 0.48495703125 0.55129150390625 0.66174609375 0.7932333984375 0.67400732421875 0.43508544921875 0.21594287109375 -0.07052783203125 -0.30020849609375 -0.26083837890625 -0.2586279296875 -0.24304248046875 -0.1636337890625 -0.2356533203125 -0.26640234375 -0.25368994140625 -0.25403564453125 -0.10192138671875 -0.0371591796875 -0.0628408203125 -0.041921875 0.039041015625 0.047771484375 -0.084052734375 -0.3011640625 -0.3835849609375 -0.4308798828125 -0.548640625 -0.49605859375 -0.3834287109375 -0.28045703125 -0.2575380859375 -0.2217578125 -0.0868779296875 0.043865234375 0.1213701171875 0.2595849609375 0.274587890625 0.2187373046875
0.28620849609375 0.3932685546875 0.2206728515625 0.0563046875 0.3014990234375 0.4425595703125 0.5442822265625 0.58509912109375 0.78977978515625 0.9282451171875 0.80889208984375 0.72466796875 0.5213994140625 0.294109375 0.08327587890625 -0.2716083984375 -0.42076611328125 -0.28885205078125 -0.03410107421875 0.17795458984375 0.11649755859375 -0.067001953125 -0.1325126953125 -0.12708984375 -0.19484130859375 -0.239658203125 -0.1508662109375 -0.11744140625 -0.056759765625 0.0051162109375 -0.0804775390625 -0.2528125 -0.419388671875 -0.5584677734375 -0.61884765625 -0.4523515625 -0.003318359375 0.38403515625 0.097126953125 0.0716533203125 0.230775390625 0.4144638671875 0.4368818359375 0.364650390625 0.248078125 0.3164580078125 0.288546875
0.154993896484375 0.1911708984375 0.15029443359375 0.35932666015625 0.517779296875 0.54192431640625 0.62300048828125 0.702619140625 0.7355400390625 0.70523095703125 0.59358203125 0.50773828125 0.2838525390625 0.0442978515625 -0.14890380859375 -0.382193359375 -0.2555546875 -0.1770283203125 -0.06470947265625 0.03725439453125 0.14717138671875 0.084634765625 -0.0339677734375 -0.082830078125 -0.13985546875 -0.2281083984375 -0.18564453125 -0.0425498046875 -0.068298828125 -0.1435498046875 -0.2451328125 -0.3460322265625 -0.449513671875 -0.4545322265625 -0.2347001953125 0.16661328125 0.2745126953125 0.3510361328125 0.4072099609375 0.549232421875 0.553083984375 0.400919921875 0.3484111328125 0.4857646484375 0.474927734375 0.36521875 0.3677021484375
0.12840185546875 0.254724609375 0.50511962890625 0.6314990234375 0.59098193359375 0.5889638671875 0.55304052734375 0.64619580078125 0.6466279296875 0.629873046875 0.5249755859375 0.32754833984375 0.0824833984375 -0.1196748046875 -0.318173828125 -0.33418212890625 -0.3209287109375 -0.3749990234375 -0.3758427734375 -0.27283447265625 0.05689306640625 0.267896484375 0.1357587890625 -0.038716796875 -0.1609716796875 -0.247537109375 -0.4398623046875 -0.3668720703125 -0.3912373046875 -0.4590400390625 -0.4172421875 -0.41314453125 -0.2820830078125 0.0014150390625 0.2433642578125 0.3148193359375 0.2817265625 0.2070498046875 0.1864091796875 0.2529326171875 0.2676201171875 0.23926953125 0.29183203125 0.320755859375 0.3743056640625 0.392201171875 0.4632861328125
0.08519775390625 0.153227783203125 0.353670654296875 0.42410205078125 0.437270751953125 0.440113037109375 0.389833740234375 0.37245556640625 0.35167529296875 0.269051025390625 0.165357421875 0.0062177734375 -0.1357578125 -0.28658203125 -0.39783349609375 -0.38654248046875 -0.47714111328125 -0.34013037109375 -0.20862939453125 -0.3098544921875 -0.3342587890625 -0.1062841796875 -0.0170927734375 -0.2047373046875 -0.4000107421875 -0.430908203125 -0.5773212890625 -0.8483984375 -1.0242099609375 -0.9161689453125 -0.580037109375 -0.161845703125 0.1862373046875 0.33246484375 0.3767744140625 0.358125 0.275025390625 0.2051376953125 0.0456328125 0.041138671875 0.174064453125 0.2208857421875 0.244234375 0.288521484375 0.2646728515625 0.31116015625 0.4086298828125
0.040298828125 -0.044902587890625 -0.1251474609375 -0.02525390625 0.05941650390625 0.076259033203125 0.064618408203125 -0.066555908203125 -0.2158828125 -0.301827392578125 -0.3210498046875 -0.40276611328125 -0.49483056640625 -0.6004580078125 -0.599783203125 -0.3213388671875 -0.28734033203125 -0.4450068359375 -0.35603662109375 -0.28472119140625 -0.3127841796875 -0.27133203125 -0.2856875 -0.377369140625 -0.4073935546875 -0.5297900390625 -0.4660908203125 -0.523873046875 -0.346015625 0.0061787109375 0.2391240234375 0.3787001953125 0.4403359375 0.4587568359375 0.473068359375 0.3862236328125 0.2600302734375 0.1364853515625 0.1158046875 0.068146484375 0.2558701171875 0.2911103515625 0.316240234375 0.3277265625 0.28990234375 0.299970703125 0.4166181640625
-0.02242041015625 -0.20423779296875 -0.249530517578125 -0.31693994140625 -0.333124267578125 -0.33978515625 -0.423859375 -0.528443115234375 -0.62894482421875 -0.64062890625 -0.577265625 -0.59157763671875 -0.69765478515625 -0.772271484375 -0.73001904296875 -0.35178662109375 -0.11937255859375 -0.32453466796875 -0.50005029296875 -0.36256982421875 -0.3004619140625 -0.2849677734375 -0.3374609375 -0.3762392578125 -0.490734375 -0.4921005859375 -0.2424736328125 0.243908203125 0.5022744140625 0.50422265625 0.463078125 0.501255859375 0.536861328125 0.4231064453125 0.2263017578125 0.156681640625 0.1224345703125 0.187013671875 0.3345068359375 0.3249755859375 0.2426640625 0.330599609375 0.3574990234375 0.403337890625 0.4445166015625 0.45251953125 0.5099833984375
-0.0573173828125 -0.1274912109375 -0.107556640625 -0.06527734375 -0.1801572265625 -0.3711650390625 -0.50085693359375 -0.565361328125 -0.61613916015625 -0.71290380859375 -0.7319580078125 -0.74294921875 -0.7110556640625 -0.577734375 -0.48490087890625 -0.43897900390625 -0.25739306640625 -0.2954853515625 -0.4184287109375 -0.3665703125 -0.3487470703125 -0.5026279296875 -0.7459970703125 -0.7888837890625 -0.4792119140625 0.2208623046875 0.5105068359375 0.4560517578125 0.563251953125 0.6401337890625 0.6477177734375 0.6269296875 0.55751171875 0.3938671875 0.1678515625 0.0512001953125 0.0794560546875 0.1488837890625 0.1681640625 0.2421943359375 0.2283291015625 0.2305537109375 0.2231435546875 0.3367314453125 0.45924609375 0.4158955078125 0.287404296875
-0.108695556640625 -0.18287548828125 -0.23428515625 -0.1968525390625 -0.22420751953125 -0.22856396484375 -0.25601806640625 -0.391853515625 -0.47656494140625 -0.63833203125 -0.75421484375 -0.667767578125 -0.64553759765625 -0.6478798828125 -0.557279296875 -0.4507158203125 -0.44904443359375 -0.29759130859375 -0.23512890625 -0.3856552734375 -0.4313837890625 -0.54467578125 -0.522833984375 -0.0588525390625 0.3801767578125 0.459947265625 0.390982421875 0.37904296875 0.463314453125 0.3824267578125 0.27164453125 0.1941884765625 0.1705634765625 0.1913955078125 0.1122763671875 0.02983203125 -0.000341796875 -0.1710595703125 -0.2238583984375 -0.05508984375 0.0438359375 0.0028837890625 0.0183359375 -0.0235986328125 -0.14523828125 -0.2667080078125 -0.4134794921875
-0.27205810546875 -0.3106845703125 -0.19343896484375 -0.2740986328125 -0.3389404296875 -0.3304716796875 -0.2335595703125 -0.2087724609375 -0.24799072265625 -0.38269384765625 -0.59880224609375 -0.58674853515625 -0.51693310546875 -0.54092578125 -0.55191943359375 -0.6034208984375 -0.57241552734375 -0.4710556640625 -0.53928515625 -0.6881875 -0.7272900390625 -0.39981640625 0.25130078125 0.6257587890625 0.615720703125 0.4202724609375 0.3318232421875 0.3569296875 0.27753515625 0.115599609375 -0.0069853515625 -0.021728515625 -0.0740498046875 -0.134158203125 -0.210298828125 -0.3673955078125 -0.45521875 -0.436076171875 -0.331673828125 -0.3387119140625 -0.33021875 -0.3094228515625 -0.26180859375 -0.37683984375 -0.480359375 -0.5333984375 -0.659619140625
-0.2551025390625 -0.4231845703125 -0.37881298828125 -0.2636064453125 -0.2141640625 -0.21527685546875 -0.189740234375 -0.21472607421875 -0.3301875 -0.334525390625 -0.4714365234375 -0.5962265625 -0.48962109375 -0.35142578125 -0.332087890625 -0.520533203125 -0.751345703125 -0.88083203125 -0.8328212890625 -0.591427734375 -0.0734794921875 0.46744140625 0.7205361328125 0.6780751953125 0.607837890625 0.52821875 0.4626591796875 0.3440302734375 0.142486328125 0.061220703125 -0.0506689453125 -0.2089765625 -0.3462119140625 -0.353482421875 -0.3132841796875 -0.3304111328125 -0.339998046875 -0.38775390625 -0.1618408203125 -0.24808984375 -0.4420166015625 -0.465671875 -0.514873046875 -0.50973046875 -0.44059375 -0.4408583984375 -0.640080078125
0.21717529296875 -0.119232421875 -0.51295166015625 -0.44396826171875 -0.39888720703125 -0.42852099609375 -0.3874873046875 -0.29498388671875 -0.3215439453125 -0.3263984375 -0.3568876953125 -0.49257177734375 -0.42285693359375 -0.2698681640625 -0.257232421875 -0.37226171875 -0.6172841796875 -0.49644140625 0.1293818359375 0.58719140625 0.6790576171875 0.6808984375 0.6265908203125 0.499091796875 0.40853515625 0.3323125 0.2526494140625 0.1477607421875 0.0507861328125 -0.0276982421875 -0.186560546875 -0.5360205078125 -0.6812353515625 -0.5607255859375 -0.3535576171875 -0.16293359375 -0.1857294921875 -0.2190546875 0.0091865234375 -0.0972724609375 -0.493677734375 -0.7616630859375 -0.7174208984375 -0.570521484375 -0.5493642578125 -0.4770087890625 -0.1192099609375
0.290814697265625 0.2418583984375 -0.0617548828125 -0.4240224609375 -0.5780673828125 -0.5650869140625 -0.58893017578125 -0.48757421875 -0.38592529296875 -0.34277490234375 -0.198712890625 -0.3417001953125 -0.430119140625 -0.3121328125 -0.265689453125 -0.207078125 -0.1371748046875 0.2986728515625 0.64998046875 0.8455908203125 0.9243291015625 0.78151953125 0.43856494140625 0.2555341796875 0.16076953125 0.0805859375 0.0165302734375 0.0113505859375 0.03345703125 -0.0410927734375 -0.081037109375 -0.1734150390625 -0.2547890625 -0.337841796875 -0.422669921875 -0.257787109375 -0.159568359375 -0.095548828125 0.049818359375 0.1134619140625 0.1336328125 -0.144728515625 -0.5423076171875 -0.435283203125 -0.16908984375 0.0521962890625 0.3632177734375
0.1802900390625 0.3711494140625 0.254078125 -0.094611328125 -0.17962255859375 -0.2763994140625 -0.3825615234375 -0.49258447265625 -0.4589755859375 -0.3699833984375 -0.32222021484375 -0.377666015625 -0.3488544921875 -0.3589365234375 -0.4561357421875 -0.327470703125 0.2739765625 0.5595732421875 0.608544921875 0.77067431640625 0.75746240234375 0.4562958984375 -0.0096630859375 -0.2386181640625 -0.251177734375 -0.3243310546875 -0.4052021484375 -0.3119345703125 -0.1515380859375 -0.0724130859375 0.0231064453125 0.2885791015625 0.3563740234375 0.3386083984375 0.3310654296875 0.207607421875 0.03633984375 0.32765625 0.2334951171875 0.2002197265625 0.288310546875 0.494619140625 0.23655078125 -0.22024609375 -0.2022080078125 -0.1701953125 -0.059537109375
