data/prepareddata/slopeY.c250.v1.asc
ncols 98
nrows 102
cellsize 250
xllcorner 0
yllcorner 0
NODATA_value -9999
[rows 21 to 41 of 102, columns 47 to 93 of 98]
-0.0252392578125 -0.11996484375 -0.2278984375 -0.2114375 -0.2281904296875 -0.2667841796875 -0.2468779296875 -0.0357138671875 0.2007939453125 0.1754375 0.15402734375 0.103818359375 0.0349306640625 -0.1701376953125 -0.1121552734375 0.165876953125 0.3541015625 0.2677470703125 0.164861328125 0.2524931640625 0.2943046875 0.0385458984375 -0.0216455078125 -0.0491875 -0.0879169921875 -0.1123720703125 -0.158580078125 -0.1964345703125 -0.1774306640625 0.0133974609375 0.187845703125 0.3075908203125 0.1958232421875 0.2231162109375 0.146056640625 0.0599619140625 -0.0042841796875 -0.1874609375 -0.2653779296875 -0.2968291015625 -0.135513671875 0.0192978515625 0.0203046875 0.1203134765625 0.26573828125 0.3512451171875 0.34705078125
-0.0400322265625 -0.1677255859375 -0.253587890625 -0.2476328125 -0.183623046875 -0.0008369140625 0.1754931640625 0.3140517578125 0.2480087890625 0.0981201171875 0.101685546875 0.10003515625 0.0050751953125 -0.112888671875 -0.2271064453125 -0.10050390625 -0.0465498046875 -0.14473046875 -0.1456728515625 -0.040248046875 0.195693359375 0.0418037109375 -0.031146484375 -0.044814453125 0.1262236328125 0.2229267578125 0.1311923828125 -0.155291015625 -0.111080078125 0.059109375 0.2621279296875 0.2898642578125 0.3208193359375 0.2495869140625 0.0683427734375 -0.094994140625 -0.13689453125 -0.2188095703125 -0.1985595703125 -0.2060166015625 -0.0216259765625 0.105501953125 0.1328251953125 0.310734375 0.327658203125 0.14314453125 0.127341796875
0.309111328125 -0.066111328125 -0.063828125 0.27199609375 0.432431640625 0.35133984375 0.1808212890625 0.1429638671875 0.2291142578125 0.184388671875 0.151046875 0.0187353515625 -0.1609052734375 -0.106916015625 -0.1530712890625 -0.245548828125 -0.37984765625 -0.5313271484375 -0.4157958984375 -0.23359765625 -0.060962890625 0.1600419921875 0.2556904296875 0.346134765625 0.4056943359375 0.3997421875 0.38207421875 0.315728515625 0.268896484375 0.2724326171875 0.2811669921875 0.4134462890625 0.66251171875 0.3944716796875 0.03878515625 -0.046013671875 0.00877734375 0.121505859375 0.346109375 0.4242314453125 0.2546689453125 0.1843291015625 0.332466796875 0.412123046875 0.30230078125 0.0775107421875 0.023857421875
0.2448232421875 0.2911279296875 0.3282197265625 0.324078125 0.48844921875 0.417966796875 0.182349609375 0.2071318359375 0.21771484375 0.231298828125 0.176876953125 -0.220076171875 -0.33579296875 -0.1929951171875 -0.05994140625 -0.2088095703125 -0.1397802734375 0.0145556640625 0.048775390625 -0.0261484375 -0.2111181640625 -0.0524833984375 0.1413974609375 0.3539296875 0.3574716796875 0.3997060546875 0.44713671875 0.5179560546875 0.4062626953125 0.2443125 0.2419658203125 0.4100146484375 0.512875 0.574943359375 0.481744140625 0.4741884765625 0.6211259765625 0.7850234375 0.6441328125 0.4188857421875 0.1916669921875 0.1749228515625 0.3441923828125 0.479318359375 0.39023828125 0.222619140625 0.2497265625
0.1320673828125 0.029994140625 0.1174921875 0.1877294921875 0.2733818359375 0.25227734375 0.373349609375 0.3211767578125 0.1660498046875 0.1740732421875 -0.1038564453125 -0.337853515625 -0.3812080078125 -0.1559541015625 0.0550810546875 0.0708583984375 0.2035390625 0.423181640625 0.45458203125 0.3971533203125 0.19975 -0.0336435546875 0.1857060546875 0.3503671875 0.2528173828125 0.21170703125 0.229900390625 0.177640625 0.1034130859375 0.04660546875 0.08865625 0.1324755859375 0.1650693359375 0.2667236328125 0.3982314453125 0.4412333984375 0.4969521484375 0.4983076171875 0.355619140625 0.2780908203125 0.308734375 0.4298330078125 0.573580078125 0.61990234375 0.5999375 0.5403193359375 0.42473828125
0.424962890625 0.26638671875 -0.14055078125 -0.1980390625 -0.37396875 -0.313025390625 -0.02855078125 0.1273681640625 0.1033583984375 0.0874033203125 -0.097302734375 -0.17292578125 -0.3147177734375 -0.2692421875 0.0075751953125 0.299068359375 0.37960546875 0.4670185546875 0.3241455078125 0.2905126953125 0.3906748046875 0.27987109375 0.24938671875 0.164857421875 0.1077451171875 0.104705078125 0.05331640625 -0.072099609375 -0.0904482421875 -0.112572265625 -0.18896875 -0.1122412109375 -0.0029072265625 -0.0335546875 0.0888798828125 0.0684365234375 0.072162109375 0.1094931640625 0.215953125 0.2627060546875 0.3179677734375 0.4197109375 0.426744140625 0.33302734375 0.4321005859375 0.620658203125 0.5938828125
0.3538662109375 0.3074248046875 -0.09572265625 -0.3802099609375 -0.5304580078125 -0.54720703125 -0.3590830078125 -0.1088212890625 0.0913916015625 0.015470703125 -0.0836962890625 -0.10501171875 -0.1462216796875 -0.3286943359375 -0.0473291015625 0.363328125 0.4325068359375 0.24178515625 0.0723974609375 0.0742685546875 0.1934375 0.2737158203125 0.0723564453125 -0.1170927734375 0.0105302734375 -0.058712890625 -0.2128974609375 -0.239658203125 -0.0754814453125 0.166849609375 0.32473828125 0.1786298828125 -0.004052734375 -0.125388671875 -0.0831923828125 -0.1128896484375 -0.24058203125 -0.1593603515625 -0.080341796875 -0.0169794921875 0.089849609375 0.1572509765625 0.1343193359375 0.1002421875 0.1738408203125 0.3037548828125 0.321619140625
0.281333984375 0.339302734375 0.3031689453125 -0.025765625 -0.43738671875 -0.3486552734375 -0.2234560546875 -0.2219453125 0.0033232421875 0.1097421875 -0.0015419921875 0.0043232421875 -0.031439453125 -0.0499658203125 0.124787109375 0.3035029296875 0.239841796875 0.1119873046875 0.1724423828125 0.1481953125 0.0620419921875 -0.0536796875 -0.3144208984375 -0.38685546875 -0.360064453125 -0.44890625 -0.207052734375 0.149208984375 0.3365029296875 0.4599501953125 0.4318828125 0.21341796875 -0.11389453125 -0.255865234375 -0.305517578125 -0.1706484375 -0.2835947265625 -0.36102734375 -0.2940224609375 -0.2033037109375 -0.113349609375 -0.1685654296875 -0.1801064453125 -0.0488447265625 0.05287890625 -0.0509765625 -0.0412333984375
0.15625390625 0.290685546875 0.5335654296875 0.422466796875 0.1090693359375 -0.109708984375 -0.2519140625 -0.2803759765625 -0.085701171875 0.1570751953125 0.2052470703125 0.1756435546875 0.15768359375 0.47285546875 0.506427734375 0.371224609375 0.286490234375 0.2886767578125 0.2433173828125 0.1134833984375 -0.0268544921875 -0.3599375 -0.51559375 -0.512591796875 -0.4848994140625 -0.337125 0.253111328125 0.523640625 0.5726298828125 0.4309912109375 0.13908984375 0.00595703125 -0.184357421875 -0.32711328125 -0.28019921875 -0.114546875 0.085154296875 0.0016220703125 -0.0935849609375 -0.160212890625 -0.173181640625 -0.2671005859375 -0.2002001953125 -0.0717646484375 -0.0625185546875 -0.2441083984375 -0.1828779296875
0.1229169921875 0.160646484375 0.415140625 0.2375 0.2445693359375 0.0476875 -0.2870126953125 -0.2438408203125 -0.3014453125 0.0327880859375 0.33991015625 0.3260869140625 0.4086787109375 0.6535654296875 0.636333984375 0.3764033203125 0.319314453125 0.4200009765625 0.446501953125 0.3728642578125 0.28191015625 0.16601953125 -0.227556640625 -0.36651171875 -0.3646552734375 0.0183984375 0.36394140625 0.5037587890625 0.4450068359375 0.1598271484375 0.0134189453125 -0.0007705078125 0.021658203125 0.3103681640625 0.5047451171875 0.43039453125 0.34043359375 0.2759912109375 0.2261484375 0.231880859375 -0.009111328125 -0.155900390625 -0.1099384765625 -0.07415234375 -0.173052734375 -0.22983984375 -0.284787109375
0.22062109375 0.304291015625 0.1936943359375 0.1529296875 0.2437353515625 0.116814453125 -0.0703740234375 -0.196041015625 -0.2660068359375 -0.24699609375 0.3116220703125 0.57855078125 0.7285 0.6057548828125 0.5125107421875 0.409439453125 0.369322265625 0.3413642578125 0.343873046875 0.4646962890625 0.560017578125 0.5882451171875 0.3740048828125 0.1889677734375 0.096201171875 0.069431640625 0.0981064453125 0.3010595703125 0.1727216796875 0.0166474609375 -0.0380166015625 -0.1741494140625 -0.06205078125 0.150888671875 0.31355078125 0.538658203125 0.446998046875 0.2859697265625 0.359435546875 0.40536328125 0.3369697265625 0.0804033203125 -0.35608984375 -0.4458017578125 -0.346611328125 -0.4702890625 -0.49095703125
0.0998046875 0.187544921875 0.083619140625 0.3071455078125 0.195328125 0.16964453125 0.0688232421875 -0.3264091796875 -0.35687109375 -0.2859443359375 0.1198349609375 0.5591044921875 0.67075390625 0.519490234375 0.4442734375 0.379505859375 0.2910302734375 0.20435546875 0.1679345703125 0.1809482421875 0.3062392578125 0.4160185546875 0.55641796875 0.53633984375 0.2960576171875 0.2822763671875 0.0834306640625 0.0988857421875 0.032890625 -0.0186796875 -0.215791015625 -0.4530478515625 -0.3928232421875 -0.3200380859375 -0.1843603515625 0.031490234375 0.27864453125 0.4030439453125 0.4805146484375 0.4756630859375 0.4376572265625 0.3136025390625 -0.01652734375 -0.413455078125 -0.5136220703125 -0.679736328125 -0.5846484375
0.216427734375 0.15113671875 0.258830078125 0.1315576171875 0.1616357421875 0.3058525390625 0.22629296875 -0.017048828125 -0.4042021484375 -0.229966796875 -0.0793095703125 0.38036669921875 0.5741376953125 0.57797265625 0.3072197265625 0.202212890625 0.175046875 0.1141513671875 0.05862890625 0.0251171875 0.062013671875 0.1193515625 0.263939453125 0.481787109375 0.8304248046875 0.7705986328125 0.4557255859375 0.12840625 0.0553212890625 -0.0765986328125 -0.3119208984375 -0.4260947265625 -0.485341796875 -0.3871708984375 -0.2374404296875 -0.181603515625 -0.0068330078125 0.228939453125 0.259515625 0.2404169921875 0.31359375 0.2790654296875 0.16090234375 -0.0514482421875 -0.4430859375 -0.48965625 -0.4754765625
0.6200703125 0.390125 0.3003271484375 0.3285625 0.536009765625 0.5285478515625 0.467345703125 0.372173828125 0.0712275390625 -0.2880068359375 -0.420798828125 -0.1477509765625 0.442904296875 0.585046875 0.2920830078125 0.10979296875 0.111556640625 0.13900390625 0.14848828125 0.1363388671875 0.100365234375 0.250455078125 0.7258447265625 0.9105419921875 0.9400458984375 0.8302529296875 0.5734296875 0.33477880859375 0.11147216796875 -0.135443359375 -0.2209287109375 -0.2435986328125 -0.5051357421875 -0.6310966796875 -0.577541015625 -0.376306640625 -0.1836982421875 -0.048646484375 0.0429599609375 0.1457255859375 0.223771484375 0.414947265625 0.3826806640625 0.2388583984375 0.04936328125 0.0375302734375 0.06902734375
0.62186865234375 0.5232763671875 0.45507421875 0.5984423828125 0.7253740234375 0.68840625 0.6103193359375 0.5133876953125 0.3683818359375 -0.139087890625 -0.541267578125 -0.50833935546875 -0.06629833984375 0.27509130859375 0.314896484375 0.19976611328125 0.09537158203125 0.1050087890625 0.1517431640625 0.22464453125 0.4506416015625 0.8871513671875 1.025201171875 1.0369169921875 0.9118388671875 0.707330078125 0.5039072265625 0.161611328125 -0.11085986328125 -0.2415810546875 -0.2101416015625 -0.3125546875 -0.504841796875 -0.6874228515625 -0.7685205078125 -0.7135185546875 -0.5313603515625 -0.44363671875 -0.2836240234375 -0.12028125 0.0536787109375 0.1563994140625 0.284251953125 0.2410556640625 0.207490234375 0.370279296875 0.2720029296875
0.400859375 0.53705078125 0.7112802734375 0.7246259765625 0.669681640625 0.6761572265625 0.7367509765625 0.5788134765625 0.43906640625 0.3071044921875 -0.106935546875 -0.36059375 -0.20571630859375 -0.00496435546875 0.12657666015625 0.17895166015625 0.084732421875 0.0843125 0.1883515625 0.2894560546875 0.67882421875 0.953505859375 0.85792529296875 0.7548603515625 0.5748759765625 0.43195703125 0.1799365234375 -0.1855625 -0.3606728515625 -0.473818359375 -0.468435546875 -0.3489365234375 -0.0104130859375 0.191767578125 0.0246640625 -0.3445751953125 -0.6259306640625 -0.7440458984375 -0.5873701171875 -0.4211337890625 -0.206126953125 0.008103515625 0.1785703125 0.249328125 0.271458984375 0.3793828125 0.3228583984375
0.34835693359375 0.4150966796875 0.4271953125 0.4411630859375 0.38941064453125 0.43272265625 0.534755859375 0.604498046875 0.5452724609375 0.408458984375 0.4051728515625 0.1231591796875 -0.1312294921875 -0.09982177734375 0.0146201171875 0.0896044921875 0.2373193359375 0.27289453125 0.29697265625 0.51111328125 0.7280439453125 0.528873046875 0.31167578125 0.1347578125 0.02847998046875 -0.0565859375 -0.21989404296875 -0.31777490234375 -0.3155048828125 -0.243060546875 -0.1150966796875 0.2974921875 0.4951533203125 0.5770771484375 0.5061767578125 0.33507421875 0.033078125 -0.1946064453125 -0.3890146484375 -0.4869638671875 -0.517255859375 -0.334802734375 0.07615234375 0.2446181640625 0.2250947265625 0.057576171875 -0.0570380859375
0.03241455078125 0.10322119140625 0.126982421875 0.14141015625 0.264755859375 0.31536328125 0.27269970703125 0.33668017578125 0.3328134765625 0.2242080078125 0.4002138671875 0.28542578125 0.04406591796875 0.01579931640625 0.004232421875 0.125052734375 0.35325634765625 0.44696044921875 0.48683203125 0.6627392578125 0.380953125 0.14378515625 0.10239794921875 -0.0636376953125 -0.12415576171875 -0.217283203125 -0.34879443359375 -0.306580078125 -0.1472041015625 0.2377109375 0.549693359375 0.594296875 0.6392763671875 0.594134765625 0.4828125 0.4280087890625 0.4331005859375 0.5114345703125 0.407357421875 0.07453125 -0.2833994140625 -0.3260849609375 -0.1408154296875 0.088234375 0.1412822265625 0.0244189453125 -0.035841796875
-0.10030029296875 -0.054484375 -0.05691455078125 0.003802734375 0.0600830078125 0.09872509765625 0.154046875 0.16237060546875 0.03609765625 -0.0833369140625 0.134705078125 0.28792578125 0.14793505859375 -0.00474951171875 0.05420361328125 0.18364794921875 0.40199755859375 0.5640595703125 0.50957080078125 0.33673046875 0.27108056640625 0.35967919921875 0.24736767578125 0.1699921875 0.23600390625 0.088779296875 0.006419921875 0.0714140625 0.2672841796875 0.445232421875 0.4641142578125 0.3925478515625 0.39417578125 0.4018125 0.35616015625 0.3850126953125 0.3592109375 0.270060546875 0.1349013671875 0.0254423828125 -0.0004287109375 -0.077283203125 -0.2520556640625 -0.1245146484375 0.033515625 0.1996083984375 0.1821953125
-0.0337353515625 -0.05172412109375 -0.098751953125 -0.05640625 -0.00105615234375 0.05012158203125 0.08897802734375 0.00915283203125 -0.1018583984375 -0.1862509765625 -0.0186201171875 0.14248583984375 0.05860498046875 -0.13822802734375 -0.0414599609375 0.21826708984375 0.2611201171875 0.3883515625 0.371806640625 0.36626123046875 0.6073642578125 0.46681494140625 0.24263232421875 0.1102978515625 -0.0756259765625 -0.06433251953125 0.090173828125 0.1879755859375 0.2504384765625 0.1745576171875 0.090740234375 0.11140625 0.1010673828125 0.0548037109375 0.092986328125 0.1032509765625 0.0956015625 -0.0164169921875 -0.1442431640625 -0.1929130859375 -0.0534130859375 0.0189970703125 -0.1376494140625 -0.1987509765625 -0.0483359375 0.2178994140625 0.3293544921875
-0.02471630859375 -0.06625048828125 -0.0417314453125 -0.054251953125 -0.06049072265625 -0.03787548828125 -0.0837978515625 -0.16632177734375 0.02269921875 0.162236328125 -0.04028515625 -0.07077294921875 -0.0401083984375 -0.07087841796875 -0.079484375 -0.14643408203125 -0.12268505859375 0.20276171875 0.57499072265625 0.61243603515625 0.3170576171875 -0.0214013671875 -0.20882373046875 -0.21481494140625 -0.21614404296875 -0.12387646484375 -0.003189453125 0.0726884765625 0.010146484375 -0.0356513671875 -0.0549443359375 -0.00406640625 0.0734951171875 0.0656552734375 0.0749248046875 0.06553515625 -0.0013408203125 -0.0304599609375 -0.06118359375 -0.2455302734375 -0.2457890625 -0.1035322265625 -0.15391796875 -0.2170615234375 -0.152564453125 -0.0815390625 -0.0317255859375
