data/prepareddata/slopeX.c250.v1.asc
ncols 98
nrows 102
cellsize 250
xllcorner 0
yllcorner 0
NODATA_value -9999
[rows 63 to 83 of 102, columns 47 to 93 of 98]
0.7843046875 0.836052734375 0.54645654296875 0.326732421875 0.34450634765625 0.33621142578125 0.42535546875 0.47791064453125 0.43820751953125 0.4796923828125 0.595126953125 0.2700693359375 0.1629169921875 0.3255947265625 -0.293736328125 -0.5945302734375 -0.5916357421875 -0.59692431640625 -0.46369580078125 -0.102705078125 0.32601953125 0.6875869140625 0.528140625 0.1052900390625 0.1678935546875 0.245677734375 -0.0676279296875 -0.1910810546875 -0.0719921875 -0.0196767578125 0.287505859375 0.3635576171875 0.3095791015625 0.4514951171875 0.566767578125 0.4739208984375 0.061390625 -0.3987412109375 -0.3698076171875 -0.2230966796875 -0.0890576171875 0.3082138671875 0.4514736328125 -0.0250771484375 -0.4086005859375 -0.598203125 -0.628671875
0.80789501953125 0.8048974609375 0.3918681640625 0.32648876953125 0.37073583984375 0.357935546875 0.36262158203125 0.454875 0.51713037109375 0.5814541015625 0.668029296875 0.5937646484375 0.330322265625 -0.095759765625 -0.6659794921875 -0.7401640625 -0.65225634765625 -0.53778857421875 -0.20499609375 0.26600439453125 0.50988134765625 0.4810576171875 0.4720791015625 0.35828515625 0.264697265625 0.3066279296875 0.01766796875 -0.246216796875 -0.287220703125 -0.146451171875 0.290529296875 0.46972265625 0.4466396484375 0.439451171875 0.3542373046875 0.053626953125 -0.0622724609375 -0.1752080078125 -0.440626953125 -0.385642578125 -0.18080078125 0.164212890625 0.468271484375 0.2075732421875 -0.1443408203125 -0.400404296875 -0.52543359375
0.62790869140625 0.7240517578125 0.375630859375 0.33783935546875 0.38959130859375 0.38500830078125 0.33088623046875 0.4674609375 0.50847119140625 0.62335302734375 0.6851240234375 0.6125087890625 0.3460595703125 -0.3407705078125 -0.536798828125 -0.76077587890625 -0.714783203125 -0.3943095703125 0.22075537109375 0.5548017578125 0.33946484375 0.2578134765625 0.3494677734375 0.4037333984375 0.3645078125 0.3988291015625 0.2269345703125 -0.23096484375 -0.3753203125 -0.063859375 0.322458984375 0.4529873046875 0.596943359375 0.61706640625 -0.1043876953125 -0.4205751953125 -0.193310546875 -0.1045947265625 -0.30456640625 -0.48837890625 -0.3270458984375 0.1046396484375 0.32169921875 0.1792958984375 -0.045552734375 -0.109607421875 -0.0988076171875
0.42852587890625 0.521509765625 0.34289013671875 0.32962158203125 0.358830078125 0.384779296875 0.40772119140625 0.48560400390625 0.51793701171875 0.66673388671875 0.630048828125 0.6687744140625 0.2927958984375 -0.4363642578125 -0.459740234375 -0.65050830078125 -0.66707275390625 -0.18041650390625 0.59019287109375 0.68300830078125 0.38972802734375 0.1892353515625 0.2538017578125 0.2429443359375 0.2589384765625 0.407974609375 0.38730078125 -0.2462060546875 -0.3195263671875 0.060326171875 0.354625 0.43453515625 0.6636787109375 0.5004990234375 -0.4006826171875 -0.4581025390625 -0.350685546875 -0.3191611328125 -0.2801337890625 -0.318568359375 -0.347626953125 -0.1013046875 0.0841416015625 0.11035546875 -0.0108525390625 -0.0272041015625 0.0937353515625
0.287087646484375 0.344793701171875 0.323962646484375 0.3563505859375 0.31372998046875 0.4022099609375 0.4318818359375 0.56787451171875 0.60185693359375 0.642845703125 0.653677734375 0.71789453125 0.173830078125 -0.5304326171875 -0.4401220703125 -0.50495947265625 -0.60005517578125 -0.07578955078125 0.7921494140625 0.79264208984375 0.5080419921875 0.270259765625 0.1358359375 0.01473828125 0.164810546875 0.4512373046875 0.492447265625 -0.25996484375 -0.247064453125 0.2824775390625 0.4741875 0.47130078125 0.3763359375 0.1240859375 -0.4835419921875 -0.4792705078125 -0.4177978515625 -0.3231337890625 -0.2806669921875 -0.2298955078125 -0.270546875 -0.319607421875 -0.142220703125 -0.025119140625 -0.0877177734375 -0.06814453125 0.1593828125
0.289338134765625 0.574617919921875 0.495333251953125 0.37196826171875 0.36052587890625 0.421052734375 0.41136328125 0.46531591796875 0.4460146484375 0.57441748046875 0.6170625 0.65625146484375 0.2695205078125 -0.55437109375 -0.61848095703125 -0.5962265625 -0.47070751953125 -0.0143876953125 0.63697802734375 0.67637939453125 0.488466796875 0.5429208984375 0.40071875 0.049556640625 0.10172265625 0.4231220703125 0.5879833984375 -0.052568359375 -0.22165625 0.383345703125 0.321447265625 0.1771455078125 0.18162890625 -0.1403271484375 -0.157744140625 -0.30315234375 -0.5579541015625 -0.438017578125 -0.3297822265625 -0.204111328125 -0.098322265625 -0.1411806640625 -0.26074609375 -0.34450390625 -0.3804150390625 -0.29432568359375 0.10325439453125
0.183401611328125 0.679292724609375 0.80219287109375 0.5910810546875 0.424609375 0.42138623046875 0.42400048828125 0.42372509765625 0.46841064453125 0.449294921875 0.52678125 0.5730576171875 0.172853515625 -0.525126953125 -0.6719453125 -0.7595634765625 -0.50502880859375 0.18769091796875 0.569185546875 0.4441015625 0.5083935546875 0.569990234375 0.4114541015625 0.2544267578125 0.280796875 0.47468359375 0.6800712890625 0.04181640625 -0.0377353515625 -0.106873046875 -0.1406962890625 -0.014697265625 0.0154951171875 -0.067708984375 -0.1214169921875 -0.0410947265625 -0.1054697265625 -0.309255859375 -0.2582470703125 -0.1699599609375 -0.004146484375 0.0396953125 -0.3928203125 -0.7039619140625 -0.65929736328125 -0.49255908203125 -0.24867822265625
-0.0141904296875 0.552270751953125 0.7780498046875 0.74912158203125 0.4963369140625 0.55012841796875 0.6417158203125 0.57938671875 0.52685400390625 0.55968505859375 0.54149609375 0.36651953125 -0.3491708984375 -0.57021875 -0.47206005859375 -0.75160986328125 -0.5459072265625 0.39863427734375 0.68849365234375 0.5284501953125 0.4563408203125 0.528521484375 0.428458984375 0.22411328125 0.1227568359375 0.366513671875 0.429078125 -0.0605986328125 0.1356806640625 -0.2125009765625 -0.3640732421875 -0.0317607421875 -0.0330888671875 0.0264169921875 -0.18473828125 -0.064728515625 0.167890625 0.0580615234375 0.21110546875 -0.04859375 -0.1308251953125 -0.096669921875 -0.4986533203125 -0.8124560546875 -0.66415625 -0.52920947265625 -0.483078125
-0.235676513671875 0.375058837890625 0.620693115234375 0.6902431640625 0.51379150390625 0.550037109375 0.727404296875 0.75991796875 0.81554638671875 0.8429033203125 0.516544921875 -0.1010986328125 -0.55453125 -0.5564609375 -0.6082451171875 -0.57533984375 -0.372654296875 0.50872314453125 0.79996240234375 0.734337890625 0.645126953125 0.682052734375 0.4473076171875 0.1060009765625 -0.060484375 -0.1054033203125 0.001109375 -0.1295849609375 0.025330078125 0.0164697265625 -0.2002373046875 -0.251646484375 0.050025390625 0.2614609375 -0.2842431640625 -0.139845703125 0.05652734375 0.195916015625 0.4438447265625 -0.017984375 -0.2807568359375 -0.120578125 -0.1898662109375 -0.4117763671875 -0.5897353515625 -0.53873486328125 -0.52040966796875
-0.406958740234375 0.174076416015625 0.48456884765625 0.524167724609375 0.562425048828125 0.65990234375 0.8042763671875 0.83901318359375 0.84967529296875 0.87973046875 0.386259765625 -0.390083984375 -0.5061357421875 -0.407244140625 -0.659916015625 -0.59460546875 -0.15738525390625 0.63901611328125 1.005017578125 0.830587890625 0.6778994140625 0.663501953125 0.44194140625 0.08798828125 -0.2474140625 -0.400849609375 -0.215119140625 -0.14420703125 -0.0405341796875 0.0133564453125 -0.06717578125 -0.087921875 0.1203779296875 0.2207548828125 -0.2961376953125 -0.142927734375 0.003396484375 0.1638916015625 0.42384375 0.0291650390625 -0.2766650390625 -0.1670009765625 -0.157458984375 -0.212162109375 -0.3358974609375 -0.399064453125 -0.45402734375
-0.398054443359375 -0.14116943359375 0.372906494140625 0.466944091796875 0.637771728515625 0.822501953125 0.83036083984375 0.794888671875 0.73364111328125 0.74245361328125 0.32695703125 -0.4329423828125 -0.52856591796875 -0.534625 -0.636857421875 -0.465537109375 0.1642822265625 0.75553564453125 0.97215625 0.936384765625 0.7724189453125 0.4830478515625 0.1311591796875 -0.0562705078125 -0.159171875 -0.261822265625 -0.268486328125 -0.126982421875 -0.0280615234375 -0.0585400390625 -0.041119140625 0.0740693359375 0.154029296875 0.08001953125 -0.1624228515625 -0.1784599609375 -0.035970703125 0.1571337890625 0.4892734375 0.1309189453125 -0.3730732421875 -0.2983173828125 -0.33948046875 -0.4818876953125 -0.30693701171875 -0.2032236328125 -0.30152392578125
-0.410107177734375 -0.409820556640625 0.162248779296875 0.436615234375 0.705133544921875 0.9027724609375 0.80163037109375 0.7222177734375 0.699072265625 0.66417041015625 0.25414990234375 -0.4004169921875 -0.57062158203125 -0.6480205078125 -0.6238642578125 -0.229013671875 0.530130859375 0.855607421875 0.70689013671875 0.81668115234375 0.7429794921875 0.4196767578125 -0.0749755859375 -0.0054130859375 -0.0009990234375 -0.2169072265625 -0.235482421875 -0.1464921875 -0.0010166015625 -0.0623330078125 0.0668515625 0.1164052734375 0.1433330078125 -0.0199189453125 -0.14855859375 -0.230544921875 -0.0220693359375 0.1967685546875 0.4905791015625 0.156095703125 -0.2050419921875 -0.3022412109375 -0.5279375 -0.6243505859375 -0.540177734375 -0.3944208984375 -0.236611328125
-0.544363037109375 -0.587885986328125 -0.063219482421875 0.341731201171875 0.61989794921875 0.8506220703125 0.78321337890625 0.71718359375 0.6818232421875 0.6805810546875 0.19191552734375 -0.4040703125 -0.48394384765625 -0.70556787109375 -0.5133720703125 0.104650390625 0.76877587890625 0.93435205078125 0.78683349609375 0.45412158203125 0.51762890625 0.1896318359375 -0.0988232421875 0.1087353515625 0.0828603515625 -0.1019921875 -0.194294921875 -0.1824326171875 -0.0620048828125 -0.02619140625 0.1314765625 0.1440576171875 0.1704580078125 -0.06158984375 -0.1923623046875 -0.234181640625 -0.01046875 0.136298828125 0.4077861328125 0.123666015625 0.1403857421875 -0.32202734375 -0.572599609375 -0.5143740234375 -0.58338671875 -0.645794921875 -0.55305078125
-0.574021484375 -0.66451513671875 -0.3315400390625 0.274158203125 0.51181396484375 0.79488818359375 0.737244140625 0.69482373046875 0.66102392578125 0.66707666015625 0.2186943359375 -0.4807314453125 -0.54585302734375 -0.60450341796875 -0.278078125 0.5212041015625 0.81532666015625 0.832556640625 0.813744140625 0.494552734375 0.143958984375 -0.0424755859375 0.02287109375 0.1211044921875 0.142564453125 0.054458984375 -0.18876171875 -0.21296484375 -0.1327548828125 -0.050302734375 0.0802294921875 0.2063896484375 0.223869140625 -0.044646484375 -0.30262890625 -0.2344697265625 -0.0211875 0.176220703125 0.3422060546875 0.0655263671875 0.052658203125 -0.3518779296875 -0.513962890625 -0.5239638671875 -0.555001953125 -0.52164404296875 -0.56809912109375
-0.494931640625 -0.607178955078125 -0.6702802734375 -0.02657275390625 0.572564453125 0.927346923828125 0.63690771484375 0.4843330078125 0.58428369140625 0.61519287109375 0.1858740234375 -0.47869970703125 -0.59956396484375 -0.4594677734375 0.0887841796875 0.80103466796875 0.86985009765625 0.69705810546875 0.63619970703125 0.4383203125 0.003951171875 -0.063794921875 0.0061748046875 0.1663271484375 0.19210546875 0.22803125 -0.0983232421875 -0.321849609375 -0.2084482421875 -0.180142578125 0.03039453125 0.2854736328125 0.1262314453125 -0.3264208984375 -0.192970703125 -0.101388671875 -0.04124609375 0.2758798828125 0.380376953125 0.019869140625 -0.1036201171875 -0.3689609375 -0.57010986328125 -0.48755078125 -0.5641376953125 -0.56632763671875 -0.52676025390625
-0.42814013671875 -0.6239716796875 -0.764034423828125 -0.46114111328125 0.373777587890625 0.8325673828125 0.52339013671875 0.47653271484375 0.62040673828125 0.56867333984375 0.1739404296875 -0.48897802734375 -0.588376953125 -0.160185546875 0.4477548828125 0.8599765625 0.9385654296875 0.6416484375 0.4422763671875 0.152853515625 0.014267578125 -0.065828125 0.028794921875 0.209123046875 0.205783203125 0.326869140625 0.016921875 -0.2900810546875 -0.2913349609375 -0.2698486328125 -0.07989453125 0.2875966796875 -0.087556640625 -0.57092138671875 -0.2741787109375 0.0886669921875 0.1363154296875 0.3072060546875 0.35099169921875 0.168818359375 -0.120078125 -0.42094482421875 -0.5856552734375 -0.5528427734375 -0.50788427734375 -0.56289306640625 -0.61582080078125
-0.49850341796875 -0.69185302734375 -0.718001708984375 -0.67026611328125 -0.05973974609375 0.654610107421875 0.573626220703125 0.568451904296875 0.514080078125 0.54813427734375 0.1253388671875 -0.57493310546875 -0.42659912109375 0.2826640625 0.58161279296875 0.7782236328125 0.81179248046875 0.69728515625 0.2576669921875 -0.07088671875 0.00515625 -0.0623017578125 0.148109375 0.32091357421875 0.25417578125 0.07091015625 -0.141390625 -0.084857421875 -0.0849453125 -0.29388525390625 -0.1792548828125 0.18752587890625 -0.2795986328125 -0.6143466796875 -0.44468505859375 0.174453125 0.28632080078125 0.3023359375 0.37684423828125 0.38324365234375 -0.0339560546875 -0.54329541015625 -0.5423564453125 -0.54566845703125 -0.60581201171875 -0.56409228515625 -0.5760400390625
-0.41041650390625 -0.51906689453125 -0.752776611328125 -0.72985693359375 -0.31878759765625 0.417731689453125 0.62435986328125 0.488970458984375 0.461326416015625 0.628693359375 -0.074283203125 -0.595166015625 -0.0256123046875 0.6131943359375 0.67540673828125 0.86752099609375 0.65415283203125 0.4149169921875 -0.0426484375 -0.10777880859375 0.0204736328125 0.04597607421875 0.31773583984375 0.4060810546875 0.096908203125 -0.26487109375 -0.22381884765625 -0.1179169921875 0.066736328125 -0.13624609375 -0.1238779296875 0.1348857421875 -0.3438818359375 -0.647509765625 -0.504662109375 0.108689453125 0.26735400390625 0.407142578125 0.34887939453125 0.4828349609375 0.0803046875 -0.50428076171875 -0.56868212890625 -0.60525390625 -0.57876806640625 -0.53073291015625 -0.56468310546875
-0.380447265625 -0.321239501953125 -0.533154296875 -0.59036669921875 -0.397412109375 0.084761474609375 0.5211962890625 0.485908935546875 0.625634033203125 0.55620849609375 -0.32282568359375 -0.315978759765625 0.334364501953125 0.783080078125 0.76570703125 0.77217822265625 0.5227724609375 -0.0347060546875 -0.18484521484375 -0.03157421875 0.08491015625 0.239990234375 0.40626220703125 0.229939453125 -0.1646962890625 -0.3474091796875 -0.2711865234375 -0.10374267578125 0.06579541015625 0.00975927734375 0.1201962890625 -0.00452001953125 -0.4412197265625 -0.46246044921875 -0.61006005859375 -0.141990234375 0.35087158203125 0.3935771484375 0.4003154296875 0.5332060546875 0.180349609375 -0.36841064453125 -0.524203125 -0.6375712890625 -0.63999560546875 -0.5323037109375 -0.51380419921875
-0.37416357421875 -0.324516357421875 -0.3312109375 -0.307997802734375 -0.259859375 -0.237844482421875 0.382513427734375 0.754183837890625 0.7782353515625 0.1690185546875 -0.421035888671875 0.106598876953125 0.6210302734375 0.8190322265625 0.75344677734375 0.570658203125 0.08981103515625 -0.21418603515625 -0.13070263671875 0.0738662109375 0.23409912109375 0.39783544921875 0.3071025390625 -0.08555419921875 -0.2941796875 -0.35320654296875 -0.27192724609375 -0.11854443359375 0.0750859375 0.275029296875 0.3897158203125 -0.28254248046875 -0.59594140625 -0.380775390625 -0.47923388671875 -0.34627734375 0.34959814453125 0.3760927734375 0.51274267578125 0.572771484375 0.10990283203125 -0.34959521484375 -0.37335498046875 -0.53376904296875 -0.63768115234375 -0.60868017578125 -0.47300146484375
-0.409073974609375 -0.3006435546875 -0.325768310546875 -0.40119140625 -0.25894384765625 -0.208824462890625 0.308346435546875 0.853961181640625 0.67165283203125 -0.1374228515625 -0.053883544921875 0.519918701171875 0.76820751953125 0.6692685546875 0.6458515625 0.3014345703125 -0.27744970703125 -0.2578056640625 -0.08790478515625 0.17150830078125 0.3778173828125 0.4857685546875 0.09771240234375 -0.3555390625 -0.25135693359375 -0.39974560546875 -0.31956494140625 -0.01512255859375 0.45541015625 0.59272314453125 0.1002998046875 -0.45658349609375 -0.5907841796875 -0.58614501953125 -0.439611328125 -0.23345068359375 0.3967744140625 0.6001083984375 0.58908544921875 0.25392626953125 0.0271279296875 -0.34554443359375 -0.50238232421875 -0.36928369140625 -0.57646533203125 -0.6036484375 -0.369686767578125
