data/prepareddata/slopeX.c250.v1.asc
ncols 98
nrows 102
cellsize 250
xllcorner 0
yllcorner 0
NODATA_value -9999
[rows 0 to 20 of 102, columns 47 to 93 of 98]
0.66376171875 0.3423056640625 -0.2601748046875 -0.3582333984375 -0.096333984375 0.2799873046875 0.4365712890625 0.1352802734375 0.1604169921875 0.265748046875 0.153279296875 0.097904296875 0.205458984375 0.361673828125 0.6998466796875 0.025498046875 -0.7546396484375 -0.411013671875 0.177904296875 -0.335361328125 -0.5862138671875 -0.2125 0.0912255859375 0.2405498046875 0.26872265625 0.3073134765625 0.067904296875 -0.52383203125 -0.165998046875 -0.1292822265625 -0.0211455078125 0.1292705078125 0.2851357421875 0.4321904296875 0.164197265625 0.1461201171875 0.396845703125 0.4535556640625 -0.3257451171875 -0.577728515625 -0.292609375 -0.068337890625 -0.1447099609375 -0.3638212890625 -0.52036328125 -0.437400390625 0.163619140625
0.883953125 0.5775078125 -0.2492666015625 -0.3818271484375 0.01446875 0.4189013671875 0.294236328125 -0.06571875 0.1002861328125 0.151130859375 0.26419140625 0.2080458984375 0.2789765625 0.3358857421875 0.5499794921875 0.1582861328125 -0.52291796875 -0.1918740234375 0.0475400390625 -0.6368212890625 -0.4705771484375 -0.0962890625 0.0676494140625 0.0838935546875 0.2160087890625 0.22471484375 0.146978515625 -0.504001953125 -0.221736328125 -0.1737666015625 -0.01724609375 0.1363671875 0.2564619140625 0.428015625 0.2493388671875 0.12244140625 0.0981162109375 -0.1432421875 -0.0510888671875 -0.0543583984375 -0.2699658203125 0.0821689453125 -0.2984404296875 -0.70334765625 -0.6567783203125 -0.5157724609375 -0.1246357421875
0.69347265625 0.7033134765625 0.2848994140625 -0.205904296875 0.1310947265625 0.5360234375 0.0242548828125 -0.245154296875 -0.0197607421875 0.0834912109375 0.191609375 0.332111328125 0.300275390625 0.2826396484375 0.408197265625 0.2699775390625 -0.148943359375 -0.1677333984375 -0.1574150390625 -0.7153876953125 -0.3547080078125 0.01151171875 0.1737978515625 0.0794609375 0.0617490234375 0.1286865234375 0.238232421875 -0.5018603515625 -0.2646318359375 -0.0267802734375 0.19991015625 0.148873046875 0.1188759765625 0.237859375 0.1478017578125 0.0585537109375 -0.4139189453125 -0.4036181640625 -0.03756640625 0.0495478515625 0.0716845703125 0.1118505859375 -0.6456689453125 -0.80416015625 -0.50172265625 -0.4834404296875 -0.284466796875
0.393015625 0.53034375 0.6370126953125 0.3682265625 0.306607421875 0.242265625 -0.1769169921875 -0.26848046875 -0.100939453125 0.043955078125 0.1692666015625 0.2549091796875 0.29912890625 0.3004462890625 0.364533203125 0.354125 0.1585146484375 -0.1830498046875 -0.431880859375 -0.5822919921875 -0.2562060546875 0.0468095703125 0.253224609375 0.220431640625 0.225060546875 0.021884765625 0.1566337890625 -0.46034765625 -0.1692685546875 0.232828125 0.110310546875 0.3082763671875 0.0738046875 0.0835849609375 -0.0469716796875 -0.3233291015625 -0.7512568359375 -0.4805263671875 -0.20215234375 -0.023087890625 0.204494140625 0.0821484375 -0.6782001953125 -0.7980703125 -0.502373046875 -0.4777744140625 -0.404599609375
0.1967822265625 0.35600390625 0.604798828125 0.8079541015625 0.6786474609375 0.213849609375 -0.3636865234375 -0.3642734375 -0.247134765625 -0.009201171875 0.114533203125 0.0953583984375 0.191291015625 0.2733876953125 0.3689111328125 0.4732421875 0.3486064453125 -0.0589619140625 -0.5689560546875 -0.5269189453125 -0.1263974609375 0.1711865234375 0.1694716796875 0.1944853515625 0.393919921875 0.16811328125 0.0294609375 -0.2386826171875 -0.0411220703125 0.1945322265625 0.078349609375 0.4017744140625 -0.2427705078125 0.0286904296875 -0.149609375 -0.640703125 -0.929248046875 -0.5522919921875 -0.2691123046875 -0.0094375 0.161416015625 -0.1362373046875 -0.6112333984375 -0.6484736328125 -0.5483095703125 -0.524015625 -0.5850419921875
0.1042900390625 0.2797763671875 0.4901474609375 0.715025390625 0.696328125 0.7461669921875 0.18816796875 -0.3115283203125 -0.67298046875 -0.3677451171875 -0.0994990234375 -0.071853515625 0.0315791015625 0.1918046875 0.358080078125 0.5617392578125 0.53289453125 0.00297265625 -0.4491875 -0.45734375 0.01359765625 0.2791533203125 0.1555322265625 0.2837705078125 0.2818994140625 0.1428779296875 -0.0725283203125 -0.2068271484375 -0.019513671875 0.083291015625 0.0588447265625 0.1700634765625 -0.23219921875 -0.042025390625 -0.3343046875 -0.759990234375 -0.5970751953125 -0.5006455078125 -0.4277080078125 -0.111216796875 -0.0144111328125 -0.33877734375 -0.5244482421875 -0.4807412109375 -0.556365234375 -0.5115068359375 -0.66444140625
0.069951171875 0.2055595703125 0.288337890625 0.4307041015625 0.60291015625 0.8058583984375 0.606884765625 0.221689453125 -0.6716875 -0.7220732421875 -0.3776494140625 -0.2085146484375 -0.11101953125 0.1052236328125 0.3021943359375 0.48495703125 0.667546875 0.1426123046875 -0.2288330078125 -0.21534765625 0.1132421875 0.2912236328125 0.2762783203125 0.344189453125 0.038576171875 -0.2003916015625 -0.293681640625 -0.1013408203125 0.00130078125 -0.0045458984375 -0.0409326171875 -0.0091513671875 -0.0201708984375 -0.069259765625 -0.580294921875 -0.5134619140625 -0.335501953125 -0.4513896484375 -0.59232421875 -0.2726259765625 -0.32456640625 -0.445388671875 -0.3443994140625 -0.42633984375 -0.536896484375 -0.4621357421875 -0.585931640625
0.00391796875 0.1047958984375 0.16286328125 0.2333857421875 0.3230634765625 0.51590625 0.801564453125 0.4820791015625 -0.3856240234375 -0.716419921875 -0.505033203125 -0.296826171875 -0.14781640625 0.0745673828125 0.2460771484375 0.29759375 0.5446416015625 0.4034755859375 0.099640625 0.097015625 0.233486328125 0.12723828125 0.2759072265625 0.099041015625 -0.299552734375 -0.298828125 -0.1217783203125 -0.01239453125 -0.0215048828125 -0.045578125 -0.0315771484375 -0.0459697265625 -0.0147763671875 -0.2148212890625 -0.532845703125 -0.3791767578125 -0.34409765625 -0.3399453125 -0.532310546875 -0.56804296875 -0.5007890625 -0.5006396484375 -0.348072265625 -0.3342177734375 -0.3317353515625 -0.337498046875 -0.541333984375
-0.0348349609375 0.0490966796875 0.0519814453125 0.102189453125 0.1470869140625 0.2054189453125 0.4480224609375 0.5077353515625 -0.15535546875 -0.5371083984375 -0.4501767578125 -0.2334560546875 -0.145123046875 0.0684658203125 0.1816123046875 0.1672802734375 0.3681669921875 0.3934482421875 0.3102548828125 0.472806640625 0.587017578125 0.04480078125 0.1555205078125 -0.20483203125 -0.340287109375 -0.260166015625 -0.083015625 -0.03557421875 -0.0670791015625 -0.049021484375 -0.0103330078125 -0.0389892578125 -0.0617861328125 -0.2675166015625 -0.412345703125 -0.4331640625 -0.377783203125 -0.3191455078125 -0.477951171875 -0.68403515625 -0.5052783203125 -0.590134765625 -0.3999921875 -0.1584052734375 -0.049314453125 -0.1249052734375 -0.3392822265625
-0.03476953125 0.082939453125 -0.02257421875 -0.0728583984375 0.0177763671875 0.116966796875 0.1967880859375 0.116693359375 -0.2015556640625 -0.322234375 -0.2630234375 -0.1683251953125 -0.0409365234375 0.007541015625 0.09887890625 0.1485068359375 0.2606923828125 0.246166015625 0.2557548828125 0.5736513671875 0.9296435546875 0.3522646484375 -0.04423046875 -0.308517578125 -0.3764716796875 -0.12954296875 -0.066833984375 -0.0484345703125 -0.061986328125 -0.0676025390625 -0.05808984375 -0.05731640625 -0.0452470703125 -0.24803125 -0.391419921875 -0.4244267578125 -0.394072265625 -0.3766455078125 -0.4559365234375 -0.6362314453125 -0.373224609375 -0.4699443359375 -0.45934375 -0.04327734375 0.09379296875 -0.16127734375 -0.275736328125
0.006595703125 0.101767578125 -0.0210185546875 -0.1933212890625 -0.15805859375 0.0010400390625 0.033958984375 -0.151263671875 -0.252828125 -0.157859375 -0.153666015625 -0.0764951171875 -0.0091435546875 -0.01191015625 0.031916015625 0.1045400390625 0.2186865234375 0.12926171875 0.09284375 0.480474609375 0.9009267578125 0.5093193359375 -0.0324287109375 -0.2993818359375 -0.3588935546875 -0.0831123046875 0.10101953125 0.0324931640625 0.0128740234375 -0.0522685546875 -0.0888583984375 -0.0819443359375 -0.0631201171875 -0.18141796875 -0.3828115234375 -0.384099609375 -0.374203125 -0.4042763671875 -0.4675302734375 -0.5104443359375 -0.2407578125 -0.15094921875 -0.33059765625 -0.1533056640625 0.125806640625 -0.2635439453125 -0.400625
0.0227880859375 0.030751953125 0.0693466796875 -0.015865234375 -0.2930673828125 -0.2425546875 -0.149603515625 -0.1262958984375 -0.189162109375 -0.1514072265625 -0.10143359375 -0.065310546875 -0.019587890625 0.003841796875 0.0188291015625 0.0864462890625 0.1972080078125 0.126552734375 0.0957744140625 0.3580966796875 0.5692119140625 0.351546875 -0.0238505859375 -0.241291015625 -0.3221376953125 -0.0484609375 0.2109970703125 0.1924990234375 0.1632470703125 0.01789453125 -0.1156865234375 -0.0930810546875 -0.0709677734375 -0.115876953125 -0.271703125 -0.3638935546875 -0.365130859375 -0.40119921875 -0.3645400390625 -0.3890966796875 -0.1348720703125 0.0105341796875 -0.0990849609375 -0.0778525390625 -0.1087958984375 -0.4145888671875 -0.4397373046875
0.0672099609375 0.0267255859375 0.0734443359375 0.0693447265625 -0.2626943359375 -0.29634375 -0.1659326171875 -0.23213671875 -0.069671875 -0.00461328125 0.0217978515625 -0.07396875 -0.0101787109375 0.0553359375 0.026546875 0.094490234375 0.155390625 0.130126953125 0.1947392578125 0.287337890625 0.1910234375 0.1202685546875 -0.0747041015625 -0.193861328125 -0.1583134765625 0.1262255859375 0.2582216796875 0.240662109375 0.2258974609375 0.1006044921875 -0.13707421875 -0.106197265625 -0.1319921875 -0.187720703125 -0.2105517578125 -0.135861328125 -0.2504423828125 -0.331646484375 -0.19217578125 -0.19354296875 -0.18925 -0.0801494140625 -0.0457939453125 0.2714267578125 -0.2054375 -0.796623046875 -0.501439453125
-0.049521484375 -0.0523310546875 0.1019541015625 0.084623046875 -0.1644697265625 -0.2365517578125 -0.1854658203125 -0.153154296875 -0.0114951171875 0.0891826171875 0.13249609375 0.1181796875 0.0911962890625 0.1189248046875 0.0574697265625 0.0502626953125 0.1284111328125 0.20215625 0.3657197265625 0.069529296875 0.010572265625 -0.008373046875 -0.142306640625 -0.1393994140625 0.039423828125 0.1276806640625 0.165681640625 0.2539072265625 0.123453125 0.206779296875 0.1101142578125 -0.123052734375 -0.2338798828125 -0.309474609375 -0.2884013671875 -0.097634765625 0.101908203125 -0.034458984375 -0.0452939453125 -0.009546875 -0.21571875 -0.184533203125 -0.0609375 0.166330078125 -0.3019873046875 -0.8124013671875 -0.5042734375
-0.1167470703125 -0.1332958984375 -0.0179873046875 -0.041515625 -0.1226572265625 -0.1585078125 -0.1525341796875 -0.074453125 0.0262431640625 0.158826171875 0.03446875 0.1919306640625 0.3327919921875 0.25460546875 0.1079462890625 0.0458564453125 0.1464111328125 0.409666015625 0.3060458984375 -0.1192236328125 -0.0445302734375 -0.021736328125 -0.097849609375 -0.04780859375 0.03533203125 -0.0068310546875 -0.0668154296875 0.1037822265625 -0.0158515625 0.1315009765625 0.32851953125 0.1312099609375 -0.1317275390625 -0.2750439453125 -0.293455078125 -0.1690703125 0.18186328125 0.432791015625 0.129720703125 0.0388388671875 -0.1286201171875 -0.2074677734375 0.0146396484375 -0.032388671875 -0.618744140625 -0.6620458984375 -0.521447265625
-0.144060546875 -0.1356982421875 -0.1539208984375 -0.232712890625 -0.19296875 -0.177986328125 -0.120623046875 -0.062673828125 -0.019537109375 0.09712109375 -0.016416015625 0.190173828125 0.451662109375 0.322283203125 0.1833818359375 0.1997060546875 0.2518740234375 0.537185546875 0.3063115234375 -0.1665927734375 -0.109078125 -0.07582421875 -0.080787109375 -0.017455078125 0.023931640625 -0.078763671875 -0.097744140625 -0.0593984375 -0.2372890625 -0.0537060546875 0.37195703125 0.2720126953125 -0.0231513671875 -0.281458984375 -0.19955078125 -0.0441962890625 0.19851171875 0.61273828125 0.410779296875 0.0914580078125 -0.0637109375 -0.1614345703125 0.0022080078125 -0.1414794921875 -0.6488056640625 -0.81758203125 -0.687583984375
-0.15513671875 -0.1470830078125 -0.146158203125 -0.2693046875 -0.24001953125 -0.1820126953125 -0.0852041015625 -0.092619140625 -0.0755888671875 -0.0117841796875 -0.090744140625 0.15991015625 0.393025390625 0.206734375 0.2855322265625 0.4097275390625 0.4015859375 0.337427734375 0.2388564453125 0.099529296875 -0.0727275390625 -0.1177724609375 -0.1143857421875 -0.055203125 -0.0454697265625 -0.07026171875 -0.1190859375 -0.2326767578125 -0.2401611328125 -0.0361279296875 0.2758291015625 0.0733408203125 -0.1967890625 -0.2286962890625 -0.0107734375 0.1451357421875 0.2352744140625 0.55853515625 0.3354833984375 0.1936201171875 0.2187080078125 -0.0145283203125 -0.02969921875 -0.159486328125 -0.6925458984375 -0.914470703125 -0.7142734375
-0.2221318359375 -0.2158134765625 -0.2472353515625 -0.3047470703125 -0.2197646484375 -0.09055859375 -0.008064453125 -0.016873046875 -0.121236328125 -0.147130859375 -0.17299609375 0.13864453125 0.3402490234375 0.2102216796875 0.3816328125 0.475326171875 0.5279814453125 0.1924677734375 0.1706748046875 0.135767578125 -0.0525263671875 -0.1280634765625 -0.1367978515625 -0.1360546875 -0.1569619140625 -0.1091884765625 -0.1928603515625 -0.3216513671875 -0.0991728515625 0.125486328125 0.2351474609375 -0.2097060546875 -0.3109052734375 -0.047177734375 0.0750224609375 0.08405078125 0.1891982421875 0.410603515625 0.3019169921875 0.2103203125 0.1665869140625 0.122193359375 0.2060478515625 -0.0049384765625 -0.4521181640625 -0.917802734375 -0.781029296875
-0.2529150390625 -0.3890205078125 -0.37484375 -0.171677734375 -0.124841796875 -0.145037109375 -0.0859794921875 -0.011599609375 -0.15219921875 -0.14762890625 -0.097982421875 0.122181640625 0.2255166015625 0.3271865234375 0.6099287109375 0.4582255859375 0.2826416015625 0.1828955078125 0.2432392578125 0.1906796875 -0.091181640625 -0.138009765625 -0.1766083984375 -0.2339296875 -0.1862470703125 -0.190912109375 -0.4245146484375 -0.2951630859375 0.007939453125 0.1925185546875 0.1810830078125 -0.2046103515625 -0.094140625 0.0674541015625 0.0466591796875 0.01346875 0.130607421875 0.284349609375 0.180984375 0.1636962890625 0.2453916015625 0.1739375 0.196763671875 0.0450693359375 -0.1552177734375 -0.864408203125 -0.8667666015625
-0.296474609375 -0.390916015625 -0.146462890625 -0.040662109375 -0.1660146484375 -0.3066708984375 -0.2498271484375 -0.1112373046875 -0.155177734375 -0.12009375 -0.0515146484375 0.085373046875 0.189572265625 0.43101953125 0.6745673828125 0.4034189453125 0.0749677734375 0.0936015625 0.359005859375 0.460076171875 -0.1928193359375 -0.180880859375 -0.1683515625 -0.214869140625 -0.2049560546875 -0.3039384765625 -0.5038125 -0.266412109375 -0.0321201171875 0.13534375 0.1528466796875 -0.035177734375 0.0642470703125 0.017248046875 0.1071455078125 0.1200322265625 0.1114072265625 0.2705068359375 0.132505859375 0.1610126953125 0.2275947265625 0.1486162109375 0.1657294921875 -0.0504736328125 -0.4018671875 -0.67747265625 -0.666056640625
-0.3132265625 -0.2121142578125 -0.043205078125 -0.147119140625 -0.1719677734375 -0.2193203125 -0.19946875 -0.2588544921875 -0.2574736328125 -0.12356640625 -0.1571650390625 0.02590625 0.295900390625 0.38676171875 0.40719921875 0.3214169921875 0.0576279296875 0.12778515625 0.4758857421875 0.6069482421875 -0.1873974609375 -0.2219541015625 -0.11269921875 -0.1235673828125 -0.1482451171875 -0.2917275390625 -0.5214755859375 -0.291537109375 -0.1251240234375 0.0229375 0.11143359375 0.1009189453125 0.05280859375 -0.0431962890625 0.1882490234375 0.33339453125 0.1521435546875 0.2754833984375 0.0473408203125 0.1463388671875 0.182458984375 0.1020078125 0.174380859375 -0.24220703125 -0.7714658203125 -0.49030078125 -0.290216796875
