data/prepareddata/slopeY.c250.v1.asc
ncols 98
nrows 102
cellsize 250
xllcorner 0
yllcorner 0
NODATA_value -9999
[rows 0 to 20 of 102, columns 0 to 46 of 98]
-0.14895751953125 -0.0097783203125 0.1138544921875 0.1651943359375 0.2011650390625 0.246291015625 0.100046875 -0.20193359375 -0.4278125 -0.3241962890625 -0.29519921875 -0.1957783203125 -0.13621484375 -0.1810947265625 -0.2239365234375 -0.1366611328125 0.00996044921875 0.1720869140625 0.0990751953125 -0.13747265625 -0.2335029296875 -0.2280927734375 -0.2330498046875 -0.1894189453125 -0.1405703125 -0.01773583984375 0.2362578125 0.3094990234375 0.2502470703125 0.1886552734375 0.073291015625 -0.0068134765625 -0.029927734375 -0.040435546875 -0.0992724609375 -0.0822685546875 -0.0692880859375 -0.048943359375 0.0578095703125 0.0413955078125 -0.0150498046875 -0.0768876953125 -0.1339619140625 -0.151453125 -0.2160205078125 -0.23194140625 -0.047423828125
-0.14895751953125 -0.0097783203125 0.1138544921875 0.1651943359375 0.2011650390625 0.246291015625 0.100046875 -0.20193359375 -0.4278125 -0.3241962890625 -0.29519921875 -0.1957783203125 -0.13621484375 -0.1810947265625 -0.2239365234375 -0.1366611328125 0.00996044921875 0.1720869140625 0.0990751953125 -0.13747265625 -0.2335029296875 -0.2280927734375 -0.2330498046875 -0.1894189453125 -0.1405703125 -0.01773583984375 0.2362578125 0.3094990234375 0.2502470703125 0.1886552734375 0.073291015625 -0.0068134765625 -0.029927734375 -0.040435546875 -0.0992724609375 -0.0822685546875 -0.0692880859375 -0.048943359375 0.0578095703125 0.0413955078125 -0.0150498046875 -0.0768876953125 -0.1339619140625 -0.151453125 -0.2160205078125 -0.23194140625 -0.047423828125
-0.250833984375 -0.1006064453125 0.02570947265625 0.14476220703125 0.2239658203125 0.0620810546875 -0.1681162109375 -0.3301240234375 -0.6168349609375 -0.529724609375 -0.251302734375 0.07580078125 0.0289541015625 -0.0487744140625 -0.1604189453125 -0.1705849609375 -0.01128125 0.1471630859375 0.127419921875 -0.1155888671875 -0.189431640625 -0.2344306640625 -0.281841796875 -0.2820302734375 -0.29664453125 -0.24550927734375 -0.0142763671875 0.2208798828125 0.096802734375 0.025642578125 0.1523662109375 0.0581103515625 -0.14519140625 -0.1474755859375 -0.1076083984375 -0.1658837890625 -0.19051953125 -0.098205078125 -0.0873232421875 -0.1290234375 -0.2283037109375 -0.2546259765625 -0.2099384765625 -0.2037373046875 -0.34725 -0.3221884765625 -0.17974609375
-0.15795654296875 -0.08468603515625 0.0317060546875 0.078990234375 -0.0149716796875 -0.0990517578125 -0.0123095703125 -0.038974609375 -0.3824091796875 -0.39653125 0.018185546875 0.022384765625 -0.139576171875 -0.1865439453125 -0.28516015625 -0.2151357421875 -0.0531728515625 0.1079833984375 0.1416748046875 0.042130859375 -0.1320517578125 -0.1650703125 -0.163361328125 -0.217384765625 -0.283146484375 -0.194138671875 -0.06974609375 0.103533203125 0.1410634765625 -0.0036865234375 -0.0484755859375 -0.0115283203125 -0.0315966796875 -0.170978515625 -0.1199150390625 -0.1151396484375 -0.1812421875 -0.2277177734375 -0.242357421875 -0.238984375 -0.256533203125 -0.287015625 -0.190845703125 -0.3657431640625 -0.543720703125 -0.3988251953125 -0.2444365234375
0.09840625 0.008205078125 -0.0161884765625 0.1172138671875 0.143029296875 0.2203984375 0.2945771484375 0.353314453125 0.321314453125 0.0161669921875 -0.2381796875 -0.4309599609375 -0.254251953125 -0.220814453125 -0.17456640625 -0.2160859375 -0.100876953125 0.0296787109375 0.075216796875 -0.0258564453125 -0.1428876953125 -0.079646484375 -0.0308544921875 -0.140087890625 -0.2108662109375 -0.1322109375 -0.0351376953125 0.0357744140625 0.10642578125 0.108513671875 -0.07312890625 -0.164681640625 0.0493251953125 0.0586435546875 0.02058203125 -0.0857783203125 -0.2418427734375 -0.29187109375 -0.3226240234375 -0.35932421875 -0.307751953125 -0.281361328125 -0.43347265625 -0.536248046875 -0.40807421875 -0.3957548828125 -0.36465234375
0.00852978515625 0.00249609375 -0.0171630859375 0.125017578125 0.3280146484375 0.2766103515625 0.1302529296875 0.180017578125 0.4613759765625 0.2823115234375 -0.0827177734375 -0.040578125 0.01980859375 -0.07729296875 -0.179015625 -0.2527138671875 -0.1381005859375 -0.094966796875 0.0686015625 0.09384765625 -0.0944423828125 -0.097599609375 -0.153080078125 -0.195794921875 -0.1961484375 -0.1267607421875 -0.0266484375 0.047802734375 0.1961015625 0.2727353515625 0.1852158203125 -0.046072265625 -0.01594921875 0.1030703125 -0.0803154296875 -0.1562734375 -0.2755595703125 -0.409779296875 -0.366216796875 -0.2552451171875 -0.27323828125 -0.357763671875 -0.515802734375 -0.5111630859375 -0.364052734375 -0.3032705078125 -0.3730947265625
-0.15901708984375 -0.06353271484375 -0.057173828125 0.0544296875 0.190544921875 0.0670517578125 -0.060126953125 0.13359375 0.380384765625 0.304453125 0.23622265625 0.1444111328125 -0.1217705078125 -0.1399609375 -0.142443359375 -0.0918310546875 -0.109681640625 -0.0801455078125 0.01898828125 0.065716796875 -0.181486328125 -0.23448046875 -0.2107353515625 -0.135318359375 -0.093603515625 -0.0598212890625 -0.00484375 0.0484638671875 0.258873046875 0.3747822265625 0.3389052734375 0.2623056640625 -0.0334921875 -0.1176962890625 -0.1735380859375 -0.2345625 -0.3470107421875 -0.242830078125 -0.2119140625 -0.281259765625 -0.30215234375 -0.302515625 -0.3815859375 -0.412513671875 -0.333505859375 -0.3599462890625 -0.37369921875
-0.32252685546875 -0.17784228515625 -0.07201171875 0.01643798828125 0.108658203125 0.114302734375 0.207447265625 0.2211337890625 0.0712197265625 0.037220703125 0.0342958984375 -0.176322265625 -0.1615185546875 -0.142904296875 -0.093984375 -0.01427734375 -0.0306328125 0.0510478515625 0.06323828125 -0.059365234375 -0.159462890625 -0.310623046875 -0.3266318359375 -0.2421171875 -0.1594189453125 -0.1440478515625 -0.118771484375 -0.0338359375 0.1231396484375 0.23661328125 0.2225498046875 0.1898759765625 0.041671875 -0.112435546875 -0.0614306640625 -0.08183984375 0.0633701171875 0.100166015625 -0.064505859375 -0.2942421875 -0.335630859375 -0.31970703125 -0.4017080078125 -0.34765234375 -0.3103603515625 -0.4535830078125 -0.4350166015625
-0.51038671875 -0.28007373046875 -0.0799873046875 0.0032734375 0.15802734375 0.26662890625 0.2738798828125 0.232001953125 0.199681640625 0.098376953125 -0.024068359375 -0.15232421875 -0.1532783203125 -0.13101953125 -0.02273046875 0.0291669921875 0.0061796875 -0.04121875 -0.0602412109375 -0.049615234375 -0.0851748046875 -0.2133623046875 -0.2231396484375 -0.20570703125 -0.193869140625 -0.2818291015625 -0.33641015625 -0.1480146484375 -0.00316796875 0.1470009765625 0.2086572265625 0.134416015625 0.1778505859375 0.1042646484375 -0.0029189453125 0.1516552734375 0.2735126953125 0.0706923828125 -0.1576123046875 -0.292220703125 -0.4269189453125 -0.525376953125 -0.3536572265625 -0.271248046875 -0.32325 -0.384556640625 -0.4764609375
-0.3010546875 -0.28753857421875 -0.2075625 -0.08249072265625 0.137681640625 0.4071796875 0.3967109375 0.326916015625 0.238279296875 0.05172265625 -0.1561943359375 -0.2345576171875 -0.1988369140625 0.007876953125 0.066880859375 0.0544033203125 -0.01569921875 -0.0815 -0.174017578125 -0.150125 -0.1120595703125 -0.2450146484375 -0.2333955078125 -0.2290625 -0.2638544921875 -0.3364150390625 -0.3544169921875 -0.2033447265625 -0.0164287109375 0.087419921875 0.1566689453125 0.07416015625 0.1894755859375 0.4165693359375 0.5804482421875 0.585275390625 0.2089482421875 -0.11528515625 -0.39828515625 -0.5212080078125 -0.4863203125 -0.4358701171875 -0.3541064453125 -0.3697080078125 -0.4382939453125 -0.4240302734375 -0.4336669921875
-0.3249716796875 -0.3462880859375 -0.28280712890625 -0.1726611328125 0.00673046875 0.3040380859375 0.3990751953125 0.1991240234375 -0.0367578125 -0.08442578125 -0.0045517578125 -0.04859375 -0.030189453125 0.098041015625 0.0782978515625 0.0476357421875 -0.048810546875 -0.067736328125 -0.09551953125 -0.1302763671875 -0.1977412109375 -0.337890625 -0.299212890625 -0.30975 -0.362005859375 -0.286880859375 -0.2648134765625 -0.2118671875 -0.054263671875 0.078103515625 0.032181640625 -0.025650390625 -0.0460390625 0.1917421875 0.5395283203125 0.5734404296875 0.4411640625 0.3213935546875 -0.1596572265625 -0.4251669921875 -0.3439560546875 -0.3290263671875 -0.4304951171875 -0.484787109375 -0.4621787109375 -0.4138623046875 -0.3625673828125
-0.2814169921875 -0.2632177734375 -0.12687109375 -0.03590771484375 -0.04592822265625 0.0247724609375 0.048994140625 -0.069072265625 -0.034515625 0.1305068359375 0.25614453125 0.1270244140625 0.0231083984375 -0.1477060546875 -0.1250908203125 -0.105240234375 -0.1292783203125 -0.0788837890625 -0.0060927734375 -0.0528017578125 -0.0556376953125 -0.2460009765625 -0.3097138671875 -0.3166337890625 -0.3613056640625 -0.3475068359375 -0.284826171875 -0.3089814453125 -0.14934765625 -0.0534150390625 -0.1493994140625 -0.0730986328125 -0.0601240234375 -0.0647626953125 0.0916318359375 0.2401650390625 0.30141796875 0.3760751953125 0.5250419921875 0.0255888671875 -0.219904296875 -0.28308203125 -0.470013671875 -0.516513671875 -0.332185546875 -0.130037109375 -0.023138671875
-0.0900009765625 0.009609375 0.165501953125 0.0266884765625 -0.1669921875 -0.1309814453125 -0.0089306640625 0.1274677734375 0.06880078125 -0.0192802734375 -0.0043330078125 -0.091189453125 -0.2403994140625 -0.1820537109375 -0.114560546875 -0.280796875 -0.18228515625 -0.0633330078125 0.0052900390625 0.0248056640625 0.14865625 -0.090234375 -0.3272470703125 -0.2383759765625 -0.17865234375 -0.239279296875 -0.3313583984375 -0.365669921875 -0.2321953125 -0.1397333984375 -0.123056640625 -0.11199609375 -0.0361064453125 -0.0403046875 -0.0697412109375 -0.0385673828125 0.00546875 -0.009255859375 0.2611005859375 0.4822265625 0.0985966796875 -0.0851474609375 -0.0394619140625 0.037919921875 0.13501171875 0.3118720703125 0.4323154296875
0.283595703125 0.308466796875 0.111724609375 -0.3107177734375 -0.50811962890625 -0.363302734375 0.0269345703125 0.1348271484375 -0.0878740234375 -0.0041103515625 -0.1250859375 -0.2506591796875 -0.3094892578125 -0.2701044921875 -0.394482421875 -0.45905859375 -0.3867314453125 -0.14674609375 -0.0102646484375 0.078638671875 0.01250390625 0.0199482421875 -0.12116015625 -0.141248046875 -0.1433076171875 -0.21937890625 -0.255828125 -0.24690625 -0.233279296875 -0.2338154296875 -0.16794921875 -0.0973837890625 -0.0510947265625 -0.0624443359375 -0.15251171875 -0.15438671875 -0.1102900390625 -0.08940625 -0.0508662109375 0.339185546875 0.476833984375 0.4779072265625 0.544384765625 0.663775390625 0.6888271484375 0.814888671875 0.8001240234375
0.3420517578125 0.314095703125 -0.049142578125 -0.3600576171875 -0.602373046875 -0.541552734375 -0.1662314453125 -0.0651875 0.034240234375 0.1338955078125 0.2308056640625 0.1889716796875 -0.0681904296875 -0.3137568359375 -0.3558134765625 -0.3440517578125 -0.4814892578125 -0.3093076171875 -0.0152041015625 0.069640625 -0.05663671875 -0.0067900390625 -0.195560546875 -0.32901953125 -0.3689560546875 -0.2575576171875 -0.1600966796875 -0.1394814453125 -0.1752109375 -0.22375390625 -0.1697509765625 -0.1215234375 -0.1604462890625 -0.17869140625 -0.2328525390625 -0.2226923828125 -0.1613408203125 -0.1133046875 -0.106484375 0.0530185546875 0.3080966796875 0.4920673828125 0.598078125 0.5353583984375 0.465134765625 0.3821787109375 0.414123046875
0.4212314453125 0.132373046875 -0.276673828125 -0.42661328125 -0.2912939453125 -0.3434755859375 -0.344630859375 0.16941796875 0.4734970703125 0.415970703125 0.3936279296875 0.3348955078125 -0.0682890625 -0.1062734375 -0.132904296875 -0.3594267578125 -0.4592626953125 -0.4727099609375 -0.287896484375 -0.1735087890625 -0.07973828125 -0.052201171875 -0.09703125 -0.363423828125 -0.4263525390625 -0.2871494140625 -0.1902138671875 -0.0903544921875 -0.1686171875 -0.136369140625 -0.0682275390625 -0.019177734375 -0.1323857421875 -0.187759765625 -0.2231669921875 -0.234216796875 -0.156142578125 -0.180994140625 -0.2614423828125 -0.16934765625 0.06752734375 0.1567568359375 0.118248046875 0.116505859375 0.082837890625 0.05048046875 0.05676171875
0.1974150390625 -0.136146484375 -0.4997431640625 -0.6533369140625 -0.5561767578125 -0.51685546875 -0.5212509765625 -0.1898681640625 0.389033203125 0.4864189453125 0.2219130859375 0.31836328125 0.1997080078125 -0.084431640625 -0.1641904296875 -0.23295703125 -0.3469736328125 -0.5577412109375 -0.5722177734375 -0.2460498046875 0.0335712890625 0.0431181640625 -0.158689453125 -0.2771796875 -0.25444921875 -0.2148583984375 -0.19891015625 -0.174169921875 -0.290337890625 -0.2119287109375 -0.14878125 -0.082978515625 -0.060587890625 -0.1124326171875 -0.144529296875 -0.2987548828125 -0.3838330078125 -0.6028388671875 -0.4330380859375 -0.304134765625 -0.1758212890625 -0.0509599609375 -0.0389423828125 -0.050875 -0.0134794921875 0.0085029296875 0.0196640625
-0.013978515625 -0.2870966796875 -0.42230078125 -0.44013671875 -0.513005859375 -0.5543984375 -0.68423046875 -0.6342177734375 -0.1959501953125 0.107265625 0.0506630859375 0.0906708984375 0.2340576171875 -0.1475771484375 -0.239767578125 -0.2554208984375 -0.3815400390625 -0.4722646484375 -0.4226181640625 -0.2847509765625 -0.0725693359375 0.197427734375 0.201298828125 -0.1417470703125 -0.24044921875 -0.279708984375 -0.2526455078125 -0.2762421875 -0.363158203125 -0.362490234375 -0.2710546875 -0.185333984375 -0.0959462890625 -0.069029296875 -0.010673828125 -0.132724609375 -0.3251474609375 -0.038814453125 0.060947265625 -0.1903525390625 -0.2555029296875 -0.2375693359375 -0.1808779296875 -0.1680849609375 -0.15041015625 -0.118294921875 -0.0949453125
-0.078216796875 -0.2568330078125 -0.262310546875 -0.225181640625 -0.38453125 -0.5188203125 -0.5190390625 -0.373513671875 -0.3759619140625 -0.2350517578125 0.0676015625 0.1899658203125 0.262849609375 0.1469169921875 -0.19663671875 -0.28765234375 -0.3434560546875 -0.3526767578125 -0.3705546875 -0.2760849609375 -0.12676171875 0.07148828125 0.291373046875 0.1711484375 -0.26708984375 -0.41012890625 -0.402130859375 -0.4399384765625 -0.4345712890625 -0.4220322265625 -0.3291142578125 -0.25205859375 -0.2239404296875 -0.1256728515625 0.1331064453125 0.244791015625 0.2574365234375 0.4606416015625 0.35915625 -0.0017041015625 -0.0834541015625 -0.2191748046875 -0.2386865234375 -0.1828662109375 -0.156400390625 -0.13190234375 -0.0971748046875
-0.153326171875 -0.1866142578125 -0.15492578125 -0.1487373046875 -0.23512890625 -0.2411865234375 -0.09104296875 -0.129072265625 -0.277982421875 -0.2947119140625 0.1330537109375 0.48351171875 0.612982421875 0.6316875 0.2599794921875 -0.142576171875 -0.339490234375 -0.405201171875 -0.3325478515625 -0.175478515625 -0.10239453125 -0.0817734375 0.014947265625 0.2015947265625 -0.029173828125 -0.4223994140625 -0.4351611328125 -0.50900390625 -0.4896484375 -0.41599609375 -0.2828037109375 -0.2724580078125 -0.163296875 0.1728896484375 0.3912880859375 0.6934521484375 0.7822783203125 0.5945634765625 0.40196875 0.403041015625 0.1178232421875 -0.1096298828125 -0.1646572265625 -0.1806767578125 -0.093162109375 -0.037404296875 0.020671875
-0.177830078125 -0.12515625 -0.1137509765625 -0.0899296875 -0.0098994140625 -0.1067744140625 -0.19439453125 -0.3295146484375 -0.461390625 -0.2796064453125 0.1199296875 0.4276181640625 0.578703125 0.753587890625 0.773 0.4819560546875 -0.0012880859375 -0.358916015625 -0.33344140625 -0.2109033203125 -0.122173828125 -0.1128203125 -0.075828125 0.0076640625 0.057322265625 -0.2463515625 -0.4506083984375 -0.493408203125 -0.4467724609375 -0.412875 -0.3092578125 -0.1243671875 0.4120419921875 0.7223642578125 0.7224443359375 0.6994765625 0.733751953125 0.667166015625 0.6804619140625 0.64353515625 0.178787109375 -0.0899248046875 -0.1275283203125 -0.0810078125 -0.070736328125 -0.049484375 -0.004203125
