ComputationalGrid:
  DX: 500.0
  DY: 500.0
  DZ: 1.0
  Lower:
    X: 554165.4984000000404194
    Y: 5113101.3293000003322959
    Z: 253.0
  NX: 48
  NY: 49
  NZ: 1
